0.000000000000000e+00
9.999999999999999e-02
0.000000000000000e+00
2.000000000000000e-01
0.000000000000000e+00
2.000000000000000e-01
0.000000000000000e+00
2.000000000000000e-01
0.000000000000000e+00
2.000000000000000e-01
0.000000000000000e+00
2.000000000000000e-01
0.000000000000000e+00
2.000000000000000e-01
0.000000000000000e+00
2.000000000000000e-01
0.000000000000000e+00
2.000000000000000e-01
0.000000000000000e+00
2.000000000000000e-01
0.000000000000000e+00
1.000000000000000e-01
0.000000000000000e+00
9.999999999999998e-02
0.000000000000000e+00
2.000000000000000e-01
0.000000000000000e+00
2.000000000000000e-01
0.000000000000000e+00
2.000000000000000e-01
0.000000000000000e+00
2.000000000000000e-01
0.000000000000000e+00
2.000000000000000e-01
0.000000000000000e+00
2.000000000000000e-01
0.000000000000000e+00
2.000000000000000e-01
0.000000000000000e+00
2.000000000000000e-01
0.000000000000000e+00
2.000000000000000e-01
0.000000000000000e+00
9.999999999999999e-02
0.000000000000000e+00
9.999999999999998e-02
0.000000000000000e+00
2.000000000000000e-01
0.000000000000000e+00
2.000000000000000e-01
0.000000000000000e+00
2.000000000000000e-01
0.000000000000000e+00
2.000000000000000e-01
0.000000000000000e+00
2.000000000000000e-01
0.000000000000000e+00
2.000000000000000e-01
0.000000000000000e+00
2.000000000000000e-01
0.000000000000000e+00
2.000000000000000e-01
0.000000000000000e+00
2.000000000000000e-01
0.000000000000000e+00
9.999999999999998e-02
0.000000000000000e+00
1.000000000000000e-01
0.000000000000000e+00
2.000000000000000e-01
0.000000000000000e+00
2.000000000000000e-01
0.000000000000000e+00
2.000000000000000e-01
0.000000000000000e+00
2.000000000000000e-01
0.000000000000000e+00
2.000000000000000e-01
0.000000000000000e+00
2.000000000000000e-01
0.000000000000000e+00
2.000000000000000e-01
0.000000000000000e+00
2.000000000000000e-01
0.000000000000000e+00
2.000000000000000e-01
0.000000000000000e+00
1.000000000000000e-01
0.000000000000000e+00
9.999999999999998e-02
0.000000000000000e+00
2.000000000000000e-01
0.000000000000000e+00
2.000000000000000e-01
0.000000000000000e+00
2.000000000000000e-01
0.000000000000000e+00
2.000000000000000e-01
0.000000000000000e+00
2.000000000000000e-01
0.000000000000000e+00
2.000000000000000e-01
0.000000000000000e+00
2.000000000000000e-01
0.000000000000000e+00
2.000000000000000e-01
0.000000000000000e+00
2.000000000000000e-01
0.000000000000000e+00
9.999999999999999e-02
0.000000000000000e+00
9.999999999999999e-02
0.000000000000000e+00
2.000000000000000e-01
0.000000000000000e+00
2.000000000000000e-01
0.000000000000000e+00
2.000000000000000e-01
0.000000000000000e+00
2.000000000000000e-01
0.000000000000000e+00
2.000000000000000e-01
0.000000000000000e+00
2.000000000000000e-01
0.000000000000000e+00
2.000000000000000e-01
0.000000000000000e+00
2.000000000000000e-01
0.000000000000000e+00
2.000000000000000e-01
0.000000000000000e+00
9.999999999999998e-02
0.000000000000000e+00
1.000000000000000e-01
0.000000000000000e+00
2.000000000000000e-01
0.000000000000000e+00
2.000000000000000e-01
0.000000000000000e+00
2.000000000000000e-01
0.000000000000000e+00
2.000000000000000e-01
0.000000000000000e+00
2.000000000000000e-01
0.000000000000000e+00
2.000000000000000e-01
0.000000000000000e+00
2.000000000000000e-01
0.000000000000000e+00
2.000000000000000e-01
0.000000000000000e+00
2.000000000000000e-01
0.000000000000000e+00
1.000000000000000e-01
0.000000000000000e+00
1.000000000000000e-01
0.000000000000000e+00
2.000000000000000e-01
0.000000000000000e+00
2.000000000000000e-01
0.000000000000000e+00
2.000000000000000e-01
0.000000000000000e+00
2.000000000000000e-01
0.000000000000000e+00
2.000000000000000e-01
0.000000000000000e+00
2.000000000000000e-01
0.000000000000000e+00
2.000000000000000e-01
0.000000000000000e+00
2.000000000000000e-01
0.000000000000000e+00
2.000000000000000e-01
0.000000000000000e+00
1.000000000000000e-01
0.000000000000000e+00
1.000000000000000e-01
0.000000000000000e+00
2.000000000000000e-01
0.000000000000000e+00
2.000000000000000e-01
0.000000000000000e+00
2.000000000000000e-01
0.000000000000000e+00
2.000000000000000e-01
0.000000000000000e+00
2.000000000000000e-01
0.000000000000000e+00
1.999999999999999e-01
0.000000000000000e+00
2.000000000000000e-01
0.000000000000000e+00
2.000000000000000e-01
0.000000000000000e+00
2.000000000000000e-01
0.000000000000000e+00
9.999999999999998e-02
0.000000000000000e+00
5.000000000000000e-02
0.000000000000000e+00
9.999999999999996e-02
0.000000000000000e+00
9.999999999999995e-02
0.000000000000000e+00
9.999999999999995e-02
0.000000000000000e+00
9.999999999999996e-02
0.000000000000000e+00
9.999999999999995e-02
0.000000000000000e+00
9.999999999999995e-02
0.000000000000000e+00
9.999999999999996e-02
0.000000000000000e+00
9.999999999999996e-02
0.000000000000000e+00
9.999999999999996e-02
0.000000000000000e+00
4.999999999999997e-02
