1.8753005456718e-10
1.468739604948112e-10
8.964516632852483e-11
1.244630973515452e-10
5.574103201524125e-11
1.234768484051919e-10
3.267673705296488e-11
1.251447075553923e-10
1.532771855928294e-11
1.265573418535914e-10
3.796677437833088e-26
1.270829016241124e-10
-1.532771855928287e-11
1.265573418535915e-10
-3.267673705296483e-11
1.251447075553924e-10
-5.574103201524111e-11
1.234768484051919e-10
-8.964516632852473e-11
1.244630973515453e-10
-1.875300545671798e-10
1.468739604948114e-10
2.994743743388208e-10
2.972089738568072e-10
1.784453711059467e-10
2.81036692349906e-10
1.080167061567183e-10
2.697576899693379e-10
6.396646474369795e-11
2.668795200185549e-10
2.987949108516407e-11
2.663721954351893e-10
6.81162000040269e-26
2.663692365857376e-10
-2.987949108516397e-11
2.663721954351894e-10
-6.39664647436978e-11
2.668795200185551e-10
-1.080167061567181e-10
2.697576899693381e-10
-1.784453711059464e-10
2.810366923499061e-10
-2.994743743388206e-10
2.972089738568074e-10
3.760765057426862e-10
4.510527485194694e-10
2.46490326671444e-10
4.376891674501921e-10
1.568364037159431e-10
4.262678281700606e-10
9.332241408692686e-11
4.191163026138223e-10
4.382983557944801e-11
4.160089813561342e-10
8.542874349411345e-26
4.151434839105074e-10
-4.382983557944785e-11
4.160089813561342e-10
-9.332241408692667e-11
4.191163026138223e-10
-1.568364037159429e-10
4.262678281700608e-10
-2.464903266714438e-10
4.376891674501924e-10
-3.760765057426858e-10
4.510527485194696e-10
4.289621277737207e-10
6.030291495972487e-10
2.967673122293706e-10
5.931396725911231e-10
1.966045447130235e-10
5.826243516627077e-10
1.195265971962035e-10
5.746270708287458e-10
5.653044535803616e-11
5.69967343488251e-10
9.564807487734839e-26
5.685073485173544e-10
-5.653044535803584e-11
5.699673434882512e-10
-1.195265971962032e-10
5.746270708287458e-10
-1.966045447130232e-10
5.826243516627076e-10
-2.967673122293702e-10
5.931396725911234e-10
-4.289621277737203e-10
6.030291495972492e-10
4.636442096540148e-10
7.514001350105144e-10
3.325202637655313e-10
7.442300572000524e-10
2.270054078966037e-10
7.353971315317786e-10
1.408168155121267e-10
7.277967823788502e-10
6.731004646814276e-11
7.229428023241827e-10
1.344574397508082e-25
7.212944960796829e-10
-6.731004646814249e-11
7.229428023241826e-10
-1.408168155121264e-10
7.277967823788503e-10
-2.270054078966033e-10
7.353971315317786e-10
-3.325202637655309e-10
7.442300572000529e-10
-4.636442096540141e-10
7.514001350105144e-10
4.840958020135653e-10
8.936919232053526e-10
3.566049277635175e-10
8.887959383138049e-10
2.489347620695212e-10
8.816567114935178e-10
1.568980046246488e-10
8.75106589633253e-10
7.568629507175125e-11
8.707204833793715e-10
1.92661519591146e-25
8.691998762886094e-10
-7.568629507175096e-11
8.707204833793709e-10
-1.568980046246485e-10
8.751065896332529e-10
-2.489347620695208e-10
8.816567114935178e-10
-3.566049277635169e-10
8.887959383138049e-10
-4.840958020135645e-10
8.936919232053526e-10
4.938306006161263e-10
1.028008064004167e-09
3.7159912092887e-10
1.024834551715485e-09
2.636858444704777e-10
1.019244801292765e-09
1.680906340813507e-10
1.013896234971451e-09
8.162084523204336e-11
1.010234720905571e-09
2.000067054710204e-25
1.008946689027085e-09
-8.162084523204301e-11
1.010234720905572e-09
-1.680906340813505e-10
1.013896234971451e-09
-2.636858444704772e-10
1.019244801292765e-09
-3.715991209288693e-10
1.024834551715485e-09
-4.938306006161253e-10
1.028008064004168e-09
4.964913630139068e-10
1.153172616405814e-09
3.799173533591162e-10
1.151125489237408e-09
2.725905152766914e-10
1.146694921156464e-09
1.750096794964095e-10
1.142242697223766e-09
8.532323630219254e-11
1.139081756593311e-09
1.421854912209561e-25
1.137947457577334e-09
-8.532323630219216e-11
1.139081756593311e-09
-1.750096794964091e-10
1.142242697223766e-09
-2.725905152766909e-10
1.146694921156464e-09
-3.799173533591156e-10
1.151125489237408e-09
-4.96491363013906e-10
1.153172616405814e-09
4.960435156177383e-10
1.2696818892359e-09
3.83760433367586e-10
1.267932152160334e-09
2.770750658284763e-10
1.263566660362155e-09
1.785816840563725e-10
1.258662144587489e-09
8.725732493978106e-11
1.254919546206024e-09
9.749805349836389e-26
1.2535290737014e-09
-8.72573249397807e-11
1.254919546206024e-09
-1.78581684056372e-10
1.258662144587489e-09
-2.770750658284757e-10
1.263566660362155e-09
-3.837604333675853e-10
1.267932152160334e-09
-4.960435156177376e-10
1.269681889235901e-09
4.957410292070777e-10
1.381266436406435e-09
3.853456622892665e-10
1.378303685335656e-09
2.793237967687068e-10
1.370602351331598e-09
1.805353988697372e-10
1.36142244152588e-09
8.837331661742607e-11
1.354335680976043e-09
8.84316955220608e-26
1.351703941228544e-09
-8.837331661742582e-11
1.354335680976043e-09
-1.805353988697367e-10
1.36142244152588e-09
-2.793237967687062e-10
1.370602351331598e-09
-3.853456622892657e-10
1.378303685335655e-09
-4.957410292070772e-10
1.381266436406435e-09

