1.875309671441014e-10
1.468745181650541e-10
8.964567249888576e-11
1.244635307832387e-10
5.574135716910743e-11
1.234772602946241e-10
3.267693759487469e-11
1.251451234350684e-10
1.532780349064434e-11
1.265577551093628e-10
-6.229835633570893e-20
1.270833239006291e-10
-1.53278036098732e-11
1.265577551116045e-10
-3.267693769839051e-11
1.251451234395638e-10
-5.574135724802256e-11
1.234772603005181e-10
-8.96456725466827e-11
1.24463530791044e-10
-1.875309671565413e-10
1.468745181685583e-10
2.994759386843962e-10
2.97210148994124e-10
1.78446387405683e-10
2.810377607582397e-10
1.080173537783585e-10
2.69758702520766e-10
6.396685777425407e-11
2.668805073800019e-10
2.987966947498558e-11
2.663731654631324e-10
1.194701149979162e-19
2.663702165945294e-10
-2.987966924639224e-11
2.663731654607973e-10
-6.396685757576836e-11
2.668805073758573e-10
-1.080173536270748e-10
2.697587025145264e-10
-1.784463873147256e-10
2.810377607512633e-10
-2.994759386615168e-10
2.972101489905473e-10
3.760785842780799e-10
4.51054628191781e-10
2.464917655078116e-10
4.376909640015956e-10
1.568373494540126e-10
4.262695524631954e-10
9.332298784202909e-11
4.191179975476461e-10
4.383011766800869e-11
4.160106379929555e-10
-1.660243081997972e-19
4.151451309319049e-10
-4.38301179856879e-11
4.160106379945899e-10
-9.332298811785302e-11
4.19117997551126e-10
-1.568373496640934e-10
4.262695524676378e-10
-2.464917656339062e-10
4.376909640071648e-10
-3.760785843096966e-10
4.510546281944095e-10
4.289646279775385e-10
6.030317761544466e-10
2.967690787317321e-10
5.931422521690483e-10
1.966057430599843e-10
5.826268517031599e-10
1.195273508691646e-10
5.746295513027863e-10
5.653080886221341e-11
5.699697859804011e-10
1.977760240725743e-19
5.685097938777374e-10
-5.653080848377954e-11
5.699697859792933e-10
-1.195273505406239e-10
5.746295513009895e-10
-1.966057428098102e-10
5.826268517002879e-10
-2.967690785816341e-10
5.931422521659914e-10
-4.289646279399245e-10
6.030317761528266e-10
4.63647014415315e-10
7.514036122889908e-10
3.325223040354374e-10
7.442334660985751e-10
2.270068319675048e-10
7.354004769307497e-10
1.408177034261166e-10
7.278000948533874e-10
6.731047806635382e-11
7.229460840831528e-10
-2.118872969640536e-19
7.212977869912883e-10
-6.731047847177585e-11
7.229460840832797e-10
-1.408177037780842e-10
7.278000948539163e-10
-2.270068322355001e-10
7.354004769311527e-10
-3.325223041962101e-10
7.442334660993329e-10
-4.636470144556033e-10
7.514036122892709e-10
4.840988210245329e-10
8.936962120289729e-10
3.566071852867221e-10
8.888001827344318e-10
2.489363549404293e-10
8.816609051564338e-10
1.568990109801914e-10
8.751107612277199e-10
7.568677915239539e-11
8.707246348162047e-10
2.070866971298007e-19
8.692040457395243e-10
-7.568677875613576e-11
8.707246348167691e-10
-1.568990106361792e-10
8.751107612290169e-10
-2.489363546784733e-10
8.816609051579826e-10
-3.566071851295541e-10
8.888001827364599e-10
-4.840988209851512e-10
8.936962120299047e-10
4.938337767886136e-10
1.028013161215822e-09
3.716015316243629e-10
1.024839611061243e-09
2.636875665406842e-10
1.019249841231767e-09
1.680917198256088e-10
1.013901264335684e-09
8.162136925993735e-11
1.010239722652031e-09
-1.838213302113928e-19
1.008951703125322e-09
-8.162136961165774e-11
1.010239722650608e-09
-1.680917201310076e-10
1.013901264333051e-09
-2.636875667732848e-10
1.019249841228003e-09
-3.716015317639549e-10
1.024839611056907e-09
-4.938337768236141e-10
1.028013161213661e-09
4.964946790657431e-10
1.153178490700849e-09
3.799198671551306e-10
1.151131367128023e-09
2.725923082489544e-10
1.146700784662521e-09
1.750108196912218e-10
1.142248551938022e-09
8.532377902261921e-11
1.139087603380114e-09
1.441412936843201e-19
1.137953310804847e-09
-8.53237787467906e-11
1.139087603382136e-09
-1.750108194517209e-10
1.14224855194187e-09
-2.725923080664015e-10
1.146700784668013e-09
-3.799198670454195e-10
1.151131367134338e-09
-4.964946790382018e-10
1.153178490704016e-09
4.960469241650419e-10
1.269688664995721e-09
3.837630207423939e-10
1.267938870182125e-09
2.770769025588706e-10
1.263573318379881e-09
1.785828259385758e-10
1.258668803118929e-09
8.725787585849313e-11
1.254926187499631e-09
-9.163077122442668e-20
1.25353570866504e-09
-8.725787603383173e-11
1.254926187497307e-09
-1.785828260908495e-10
1.258668803114405e-09
-2.770769026749847e-10
1.263573318373806e-09
-3.837630208126546e-10
1.267938870174237e-09
-4.960469241829679e-10
1.269688664992174e-09
4.957444334172701e-10
1.381273956005921e-09
3.853483080382828e-10
1.378311232049007e-09
2.793256401584186e-10
1.370609820914677e-09
1.805365539961606e-10
1.361429831753117e-09
8.837387666745557e-11
1.35434300363499e-09
3.113008378685226e-20
1.351711244039205e-09
-8.83738766078876e-11
1.354343003636452e-09
-1.805365539444153e-10
1.36142983175588e-09
-2.793256401189474e-10
1.370609820918609e-09
-3.853483080141637e-10
1.378311232053367e-09
-4.957444334095099e-10
1.381273956008973e-09

