2.899523838441501e-10
2.875579346459519e-10
9.727623690162353e-11
2.572564823144062e-10
2.901056667667961e-11
2.582264507969735e-10
-2.901056676857674e-11
2.582264502683055e-10
-9.727623702868256e-11
2.572564827138763e-10
-2.899523838338713e-10
2.875579345112004e-10
4.227563872834382e-10
5.870453656428789e-10
1.911813770001521e-10
5.685673719844009e-10
5.330771220196712e-11
5.535262494705479e-10
-5.33077120056454e-11
5.535262485706489e-10
-1.911813768911422e-10
5.685673726278253e-10
-4.227563872349721e-10
5.870453654130793e-10
4.804489828876737e-10
8.748855640802941e-10
2.470754058664857e-10
8.634292946361229e-10
7.5023423492303e-11
8.520611944644521e-10
-7.50234237010937e-11
8.520611935111986e-10
-2.470754059969453e-10
8.634292953224219e-10
-4.804489829315932e-10
8.748855638387784e-10
4.964353297386765e-10
1.131622829358262e-09
2.734475250346892e-10
1.126730869080031e-09
8.566244627299048e-11
1.120261720926241e-09
-8.566244613513746e-11
1.120261720252698e-09
-2.734475248828833e-10
1.126730869583199e-09
-4.964353297375201e-10
1.131622829187799e-09
4.981517832047725e-10
1.359683552887961e-09
2.817897139901122e-10
1.350714906836367e-09
8.941834032382248e-11
1.336683711430984e-09
-8.941834038784993e-11
1.336683711255052e-09
-2.817897140070822e-10
1.350714906959841e-09
-4.981517832411058e-10
1.359683552822871e-09

