1 1129 0 1 0 0
1 540 1 0 0 0
1 0 0 0 0 0
1 70 1 0 0 0
0 0 0 0 0 0
1 1641 0 1 0 0
0 0 0 0 0 0
0 0 0 0 0 0
1 1635 1 0 0 0
1 744 1 0 0 0
1 2155 1 0 0 0
1 1538 1 1 0 0
0 0 0 0 0 0
1 1769 1 0 0 0
0 0 0 0 0 0
1 2261 1 0 0 0
1 0 0 0 0 0
0 0 0 0 0 0
0 0 0 0 0 0
1 4919 1 1 1 0
1 2098 1 0 0 0
0 0 0 0 0 0
0 0 0 0 0 0
0 0 0 0 0 0
0 0 0 0 0 0
0 0 0 0 0 0
1 1990 1 0 0 0
1 1649 0 0 0 1
1 1441 1 0 0 0
0 0 0 0 0 0
0 0 0 0 0 0
0 0 0 0 0 0
0 0 0 0 0 0
1 2689 1 0 0 1
0 0 0 0 0 0
1 751 1 0 0 0
1 0 0 0 0 0
0 0 0 0 0 0
1 1714 1 1 0 0
1 2310 1 0 1 0
0 0 0 0 0 0
1 2033 0 1 0 0
0 0 0 0 0 0
0 0 0 0 0 0
0 0 0 0 0 0
1 1792 1 1 0 0
0 0 0 0 0 0
1 1646 0 1 0 0
1 0 0 0 0 0
0 0 0 0 0 0
1 0 0 0 0 0
1 3417 1 1 0 0
1 2238 1 0 0 0
1 523 1 0 0 0
0 0 0 0 0 0
0 0 0 0 0 0
1 2099 1 0 1 0
0 0 0 0 0 0
0 0 0 0 0 0
1 3328 0 1 1 0
1 0 0 0 0 0
0 0 0 0 0 0
0 0 0 0 0 0
0 0 0 0 0 0
0 0 0 0 0 0
1 2245 1 0 0 0
0 0 0 0 0 0
1 695 1 1 0 0
1 0 0 0 0 0
0 0 0 0 0 0
1 1719 1 0 0 0
1 2368 1 0 1 0
1 1955 1 0 0 0
1 0 0 0 0 0
0 0 0 0 0 0
1 1983 1 0 0 0
0 0 0 0 0 0
0 0 0 0 0 0
1 3361 1 0 1 0
1 1548 0 0 1 0
0 0 0 0 0 0
1 4323 1 1 0 1
1 0 0 0 0 0
0 0 0 0 0 0
0 0 0 0 0 0
0 0 0 0 0 0
0 0 0 0 0 0
0 0 0 0 0 0
0 0 0 0 0 0
1 3366 1 1 0 0
0 0 0 0 0 0
0 0 0 0 0 0
0 0 0 0 0 0
0 0 0 0 0 0
1 2110 1 1 0 0
1 1516 1 1 0 0
0 0 0 0 0 0
1 1325 0 1 0 0
0 0 0 0 0 0
1 1936 0 0 0 1
1 5133 1 1 0 1
1 1813 1 1 0 0
1 1289 0 0 0 1
0 0 0 0 0 0
0 0 0 0 0 0
0 0 0 0 0 0
0 0 0 0 0 0
1 2326 1 0 0 0
1 1237 1 0 0 0
0 0 0 0 0 0
1 5518 0 1 1 1
0 0 0 0 0 0
0 0 0 0 0 0
1 3567 1 0 1 1
0 0 0 0 0 0
0 0 0 0 0 0
0 0 0 0 0 0
1 0 0 0 0 0
0 0 0 0 0 0
0 0 0 0 0 0
1 1587 1 0 0 0
1 4162 1 0 1 0
0 0 0 0 0 0
1 2120 1 0 0 0
1 2467 1 1 0 0
1 0 0 0 0 0
0 0 0 0 0 0
0 0 0 0 0 0
1 3248 0 1 0 1
0 0 0 0 0 0
0 0 0 0 0 0
0 0 0 0 0 0
1 861 1 0 0 0
1 2301 1 0 0 0
0 0 0 0 0 0
1 1652 1 0 0 1
0 0 0 0 0 0
1 2006 0 1 0 0
1 1055 0 0 1 0
0 0 0 0 0 0
1 683 1 0 0 0
1 4545 1 1 0 0
1 2442 1 1 0 1
1 0 0 0 0 0
1 0 0 0 0 0
1 4255 0 1 1 0
0 0 0 0 0 0
0 0 0 0 0 0
0 0 0 0 0 0
1 680 1 0 0 0
0 0 0 0 0 0
0 0 0 0 0 0
1 381 1 0 0 0
1 3621 1 1 0 0
0 0 0 0 0 0
1 4059 1 1 0 1
0 0 0 0 0 0
1 2058 1 1 0 0
1 521 1 0 0 0
0 0 0 0 0 0
1 1118 1 0 0 0
1 0 0 0 0 0
0 0 0 0 0 0
0 0 0 0 0 0
1 1117 1 0 0 0
0 0 0 0 0 0
0 0 0 0 0 0
0 0 0 0 0 0
1 6731 1 1 1 0
0 0 0 0 0 0
0 0 0 0 0 0
0 0 0 0 0 0
0 0 0 0 0 0
1 103 0 0 0 1
1 2399 1 0 0 0
0 0 0 0 0 0
1 0 0 0 0 0
0 0 0 0 0 0
0 0 0 0 0 0
0 0 0 0 0 0
1 1332 1 1 0 0
0 0 0 0 0 0
1 0 0 0 0 0
0 0 0 0 0 0
1 3600 1 1 0 1
1 1999 1 0 0 0
0 0 0 0 0 0
0 0 0 0 0 0
1 1016 1 1 0 0
0 0 0 0 0 0
0 0 0 0 0 0
0 0 0 0 0 0
1 1937 1 0 0 0
0 0 0 0 0 0
0 0 0 0 0 0
1 1991 1 0 0 1
0 0 0 0 0 0
1 1065 1 1 0 0
1 3098 0 0 1 1
1 2965 1 0 0 1
1 0 0 0 0 0
0 0 0 0 0 0
1 2652 1 1 0 0
1 0 0 0 0 0
1 2209 1 0 0 0
1 2074 1 0 0 1
1 0 0 0 0 0
0 0 0 0 0 0
0 0 0 0 0 0
0 0 0 0 0 0
1 1781 1 0 0 0
1 0 0 0 0 0
1 2063 0 0 0 1
1 2161 1 0 0 0
1 0 0 0 0 0
1 0 0 0 0 0
0 0 0 0 0 0
0 0 0 0 0 0
0 0 0 0 0 0
1 2193 1 1 0 0
0 0 0 0 0 0
1 2260 0 1 0 1
0 0 0 0 0 0
1 1185 0 1 0 0
0 0 0 0 0 0
0 0 0 0 0 0
0 0 0 0 0 0
1 2122 1 0 0 0
1 184 0 1 0 0
0 0 0 0 0 0
1 2659 1 1 0 0
1 2405 1 0 0 0
0 0 0 0 0 0
1 5406 1 1 1 0
1 2061 1 1 0 0
0 0 0 0 0 0
1 1598 1 0 0 0
1 5384 1 1 0 1
0 0 0 0 0 0
1 1410 0 0 1 0
0 0 0 0 0 0
0 0 0 0 0 0
0 0 0 0 0 0
0 0 0 0 0 0
1 3195 1 1 0 0
0 0 0 0 0 0
0 0 0 0 0 0
0 0 0 0 0 0
1 3429 1 0 0 1
1 1821 1 0 0 0
1 0 0 0 0 0
1 1899 1 1 0 0
0 0 0 0 0 0
0 0 0 0 0 0
1 0 0 0 0 0
0 0 0 0 0 0
1 1753 1 1 0 0
1 3779 1 1 1 0
1 2381 1 0 0 0
0 0 0 0 0 0
0 0 0 0 0 0
0 0 0 0 0 0
0 0 0 0 0 0
0 0 0 0 0 0
0 0 0 0 0 0
0 0 0 0 0 0
0 0 0 0 0 0
1 2074 1 1 0 0
0 0 0 0 0 0
0 0 0 0 0 0
1 5039 1 1 1 0
1 3962 0 1 0 1
1 2307 0 1 1 0
1 1748 1 0 0 0
1 1807 1 0 0 1
0 0 0 0 0 0
1 2457 1 0 0 0
0 0 0 0 0 0
0 0 0 0 0 0
1 3210 1 1 0 0
0 0 0 0 0 0
0 0 0 0 0 0
1 3268 1 1 0 0
1 0 0 0 0 0
1 3119 1 1 1 0
0 0 0 0 0 0
0 0 0 0 0 0
0 0 0 0 0 0
1 5250 1 1 1 0
0 0 0 0 0 0
1 1379 0 0 0 1
0 0 0 0 0 0
0 0 0 0 0 0
0 0 0 0 0 0
1 3682 1 0 1 0
1 1362 1 0 0 0
1 2331 1 0 1 0
1 2130 1 1 1 0
1 2125 0 1 0 0
1 0 0 0 0 0
1 2590 1 1 0 0
1 2038 0 1 0 0
0 0 0 0 0 0
1 4437 1 1 0 0
0 0 0 0 0 0
1 2494 1 0 0 0
1 2145 1 0 0 0
0 0 0 0 0 0
1 2009 1 0 0 0
0 0 0 0 0 0
1 2329 1 1 0 0
0 0 0 0 0 0
0 0 0 0 0 0
0 0 0 0 0 0
1 4378 1 1 0 0
1 1101 1 0 0 0
1 4570 1 1 1 0
1 2247 0 1 0 0
0 0 0 0 0 0
1 1562 1 0 0 0
1 1794 1 0 0 0
1 0 0 0 0 0
0 0 0 0 0 0
1 3620 1 1 0 0
0 0 0 0 0 0
1 2317 1 1 1 0
0 0 0 0 0 0
0 0 0 0 0 0
0 0 0 0 0 0
1 5239 0 1 1 1
0 0 0 0 0 0
1 6225 1 1 1 0
1 1645 1 0 0 0
1 602 1 0 0 0
0 0 0 0 0 0
1 605 1 0 0 0
0 0 0 0 0 0
1 2463 1 0 1 1
1 6125 1 1 0 1
0 0 0 0 0 0
1 2331 1 1 0 0
1 2637 0 1 0 1
0 0 0 0 0 0
1 1025 1 0 1 0
1 4388 1 0 0 1
0 0 0 0 0 0
1 2091 1 0 0 0
1 0 0 0 0 0
1 2555 1 1 0 0
1 2564 0 1 0 1
0 0 0 0 0 0
1 1953 1 0 0 0
1 746 1 0 0 0
0 0 0 0 0 0
1 1076 1 0 0 0
1 4826 1 1 0 1
0 0 0 0 0 0
0 0 0 0 0 0
1 1631 1 0 0 0
1 3260 0 1 0 1
1 2384 0 0 1 1
1 0 0 0 0 0
0 0 0 0 0 0
1 2164 0 0 1 0
1 5608 0 1 1 1
1 3533 1 1 0 1
0 0 0 0 0 0
0 0 0 0 0 0
1 2395 1 1 0 0
0 0 0 0 0 0
0 0 0 0 0 0
1 6708 1 1 1 0
0 0 0 0 0 0
0 0 0 0 0 0
1 0 0 0 0 0
1 3226 1 1 1 0
1 2463 0 0 1 0
1 1512 1 1 0 0
1 647 1 0 0 0
1 3606 0 1 1 0
1 0 0 0 0 0
0 0 0 0 0 0
0 0 0 0 0 0
0 0 0 0 0 0
0 0 0 0 0 0
1 4021 0 1 1 0
1 2385 0 0 0 1
1 2095 1 0 0 0
1 2059 1 0 0 0
1 3088 1 1 0 0
1 3640 1 0 1 0
1 2826 1 1 1 0
1 3101 1 0 1 0
0 0 0 0 0 0
1 0 0 0 0 0
0 0 0 0 0 0
1 4642 1 1 0 0
1 3071 0 0 1 1
1 3785 0 1 0 1
0 0 0 0 0 0
1 1839 0 1 0 0
0 0 0 0 0 0
0 0 0 0 0 0
1 3811 1 0 0 1
0 0 0 0 0 0
1 1800 1 0 0 0
1 1360 1 0 0 0
1 1087 0 1 0 0
1 2400 0 0 1 0
0 0 0 0 0 0
1 3403 1 1 1 0
0 0 0 0 0 0
1 1654 1 0 0 0
1 2918 1 1 0 0
1 0 0 0 0 0
1 4611 0 0 1 1
1 2549 1 1 0 0
0 0 0 0 0 0
1 5241 1 1 1 0
0 0 0 0 0 0
1 3951 1 0 1 1
0 0 0 0 0 0
0 0 0 0 0 0
1 2503 1 1 1 0
1 5897 1 1 1 0
1 2381 0 1 0 0
0 0 0 0 0 0
1 0 0 0 0 0
0 0 0 0 0 0
1 2033 1 1 0 0
1 2297 1 1 0 0
1 2663 1 0 1 0
1 3591 1 0 0 1
0 0 0 0 0 0
0 0 0 0 0 0
1 3041 1 0 1 0
1 2041 1 0 0 0
0 0 0 0 0 0
1 0 0 0 0 0
1 3739 1 0 1 0
1 2561 1 1 0 0
1 1778 1 0 0 0
0 0 0 0 0 0
0 0 0 0 0 0
0 0 0 0 0 0
1 1899 1 0 1 0
0 0 0 0 0 0
1 1771 1 0 0 0
1 1651 1 0 0 0
1 2371 0 0 1 0
0 0 0 0 0 0
0 0 0 0 0 0
0 0 0 0 0 0
1 1734 1 0 0 0
1 3520 1 1 0 1
0 0 0 0 0 0
1 1814 1 0 0 0
1 575 1 0 0 0
1 2300 0 0 1 0
1 2973 1 0 1 0
0 0 0 0 0 0
1 2596 1 1 0 0
1 2476 0 1 0 1
0 0 0 0 0 0
1 922 1 0 0 0
1 418 0 0 0 1
1 2276 1 0 0 0
0 0 0 0 0 0
0 0 0 0 0 0
0 0 0 0 0 0
0 0 0 0 0 0
1 2623 1 1 0 0
1 420 0 0 1 0
0 0 0 0 0 0
1 6555 1 0 1 1
0 0 0 0 0 0
1 0 0 0 0 0
1 2353 1 0 0 0
1 2413 0 1 0 0
0 0 0 0 0 0
1 2216 1 0 0 0
0 0 0 0 0 0
1 3272 1 0 1 1
0 0 0 0 0 0
0 0 0 0 0 0
1 2035 0 0 0 1
1 1652 1 0 0 1
0 0 0 0 0 0
1 0 0 0 0 0
1 2933 1 0 1 0
0 0 0 0 0 0
0 0 0 0 0 0
1 0 0 0 0 0
1 1113 1 0 0 0
0 0 0 0 0 0
0 0 0 0 0 0
1 4426 1 1 1 0
1 2145 0 0 0 1
1 2036 0 1 0 0
0 0 0 0 0 0
