-9.749782759481206e-10
-2.136037705147336e-10
-6.694846170982476e-10
-5.121474856369066e-10
-1.563102975452452e-10
-5.889187597495609e-10
-3.208196790236253e-10
-1.087011965469996e-10
-5.915415205237935e-10
-1.915155520885435e-10
-6.827738997789025e-11
-6.048966020853707e-10
-9.033678465124306e-11
-3.294781749279601e-11
-6.148912470705419e-10
-5.576937310219833e-20
-1.763822210772631e-20
-6.184408522084398e-10
9.033678454465441e-11
3.294781745906903e-11
-6.148912470691419e-10
1.915155519963795e-10
6.827738994876309e-11
-6.048966020825682e-10
3.208196789540755e-10
1.087011965249103e-10
-5.915415205202432e-10
5.121474855958589e-10
1.56310297532659e-10
-5.889187597443389e-10
9.749782759393704e-10
2.136037705127895e-10
-6.694846170963159e-10
-9.296832980083574e-10
-1.082327668847889e-10
-7.019897919945972e-10
-4.68215468927687e-10
-8.556398606581902e-11
-6.176988724325834e-10
-2.883269569724621e-10
-6.16453665318642e-11
-6.174586517650131e-10
-1.699258650478906e-10
-3.965106923531903e-11
-6.285563142878452e-10
-7.963312778007309e-11
-1.934580330776283e-11
-6.370907670028397e-10
-2.545639076672855e-19
-4.543212028244559e-20
-6.401475823901748e-10
7.963312729354037e-11
1.934580322090119e-11
-6.370907669935719e-10
1.699258646271892e-10
3.965106916028369e-11
-6.285563142696494e-10
2.883269566548259e-10
6.164536647504369e-11
-6.174586517410743e-10
4.682154687397419e-10
8.556398603343726e-11
-6.176988723999506e-10
9.296832979673378e-10
1.082327668796488e-10
-7.01989791982116e-10
-9.350820863979498e-10
-6.09785492605e-11
-7.136043097589489e-10
-4.6775353617737e-10
-5.043676076814115e-11
-6.259666762348037e-10
-2.875028993631577e-10
-3.76847189306012e-11
-6.257380077824932e-10
-1.692222849795759e-10
-2.478049274403852e-11
-6.369900471239718e-10
-7.922476793509603e-11
-1.224926354586455e-11
-6.456343361004516e-10
-4.301515887391588e-19
-3.421829804638639e-20
-6.487193468673868e-10
7.922476711297257e-11
1.224926348043768e-11
-6.456343360841675e-10
1.692222842686888e-10
2.478049268752844e-11
-6.369900470920497e-10
2.875028988263877e-10
3.768471888776791e-11
-6.257380077403971e-10
4.677535358596143e-10
5.043676074372901e-11
-6.259666761774735e-10
9.350820863284263e-10
6.097854925687427e-11
-7.13604309737002e-10
-9.385916764144907e-10
-3.40244000501121e-11
-7.187585716106082e-10
-4.684184454073142e-10
-2.875875942108082e-11
-6.297429667295858e-10
-2.877511958625092e-10
-2.191546569619821e-11
-6.291612829830734e-10
-1.693716312935707e-10
-1.464243289817695e-11
-6.404608735793512e-10
-7.930271031090487e-11
-7.306510176054285e-12
-6.491946935908777e-10
-5.695537877545894e-19
-2.467298986892943e-20
-6.523213732472204e-10
7.930270922234999e-11
7.306510128878158e-12
-6.491946935694066e-10
1.693716303523014e-10
1.464243285743304e-11
-6.40460873537259e-10
2.877511951517791e-10
2.191546566532565e-11
-6.291612829275964e-10
4.684184449865434e-10
2.875875940347229e-11
-6.297429666539458e-10
9.385916763223792e-10
3.402440004745204e-11
-7.187585715816995e-10
-9.408977500516475e-10
-1.535284525731468e-11
-7.211474547138815e-10
-4.692428506747445e-10
-1.312267716322293e-11
-6.313819226551741e-10
-2.882036232397177e-10
-1.010402371365913e-11
-6.306060973331401e-10
-1.696560928528769e-10
-6.803216955246824e-12
-6.418649968154196e-10
-7.944806524044811e-11
-3.413059931070632e-12
-6.50613019846493e-10
-6.587638647177006e-19
-1.39841922881563e-20
-6.537499271030592e-10
7.9448063981391e-11
3.413059904332755e-12
-6.506130198216193e-10
1.696560917641749e-10
6.803216932151366e-12
-6.418649967666567e-10
2.882036224176647e-10
1.010402369616532e-11
-6.306060972688685e-10
4.692428501880678e-10
1.312267715323289e-11
-6.31381922567566e-10
9.408977499451079e-10
1.535284525577551e-11
-7.211474546803874e-10
-9.416219311885657e-10
6.556229762696235e-23
-7.218414636048123e-10
-4.695298345388691e-10
4.083587189732455e-22
-6.318514845745866e-10
-2.883643856452005e-10
6.28628415339897e-22
-6.310042038855538e-10
-1.697560760322342e-10
8.886448441914331e-22
-6.422455047848768e-10
-7.949916812534266e-11
1.007766569680551e-21
-6.509898986210774e-10
-6.89305120783241e-19
1.075485696234759e-21
-6.541272909463212e-10
7.949916680791371e-11
1.047801253421789e-21
-6.50989898595068e-10
1.69756074893058e-10
8.894633298736848e-22
-6.422455047338859e-10
2.883643847850353e-10
7.142867156795152e-22
-6.310042038183485e-10
4.695298340296273e-10
3.799508115558114e-22
-6.31851484482968e-10
9.416219310770831e-10
1.024899847410279e-22
-7.218414635697893e-10
-9.408977500516742e-10
1.535284525714344e-11
-7.211474547139906e-10
-4.692428506746708e-10
1.31226771625484e-11
-6.313819226548216e-10
-2.882036232397376e-10
1.010402371237935e-11
-6.306060973336731e-10
-1.696560928528037e-10
6.803216953616657e-12
-6.418649968147113e-10
-7.944806524042106e-11
3.413059929116558e-12
-6.506130198472903e-10
-6.587151174463889e-19
1.193303685186232e-20
-6.537499271022212e-10
7.9448063981457e-11
-3.413059906298575e-12
-6.506130198224245e-10
1.696560917641818e-10
-6.803216933909419e-12
-6.418649967659622e-10
2.882036224177451e-10
-1.010402369743996e-11
-6.306060972694212e-10
4.692428501880282e-10
-1.312267715405008e-11
-6.313819225672371e-10
9.408977499451385e-10
-1.535284525590738e-11
-7.211474546805055e-10
-9.385916764145441e-10
3.402440005023852e-11
-7.187585716108051e-10
-4.684184454072485e-10
2.875875942174211e-11
-6.297429667290444e-10
-2.877511958626398e-10
2.191546569727816e-11
-6.291612829839884e-10
-1.693716312935801e-10
1.464243289965414e-11
-6.404608735782063e-10
-7.930271031101229e-11
7.306510177757125e-12
-6.491946935922101e-10
-5.696342587125386e-19
2.648062814855994e-20
-6.523213732458387e-10
7.930270922230331e-11
-7.306510127125915e-12
-6.491946935707247e-10
1.693716303521774e-10
-1.464243285592097e-11
-6.404608735360863e-10
2.877511951518089e-10
-2.191546566414693e-11
-6.291612829284743e-10
4.684184449864189e-10
-2.875875940280631e-11
-6.297429666533579e-10
9.385916763224193e-10
-3.402440004729414e-11
-7.187585715818767e-10
-9.350820863979941e-10
6.097854926041034e-11
-7.136043097591321e-10
-4.677535361772298e-10
5.043676076764064e-11
-6.259666762341816e-10
-2.875028993631688e-10
3.768471892976859e-11
-6.257380077834055e-10
-1.692222849794173e-10
2.478049274290104e-11
-6.369900471227392e-10
-7.922476793501135e-11
1.224926354454828e-11
-6.456343361018262e-10
-4.300272344170189e-19
3.282124675462277e-20
-6.48719346865938e-10
7.922476711312513e-11
-1.22492634817912e-11
-6.45634336085562e-10
1.692222842687351e-10
-2.478049268869849e-11
-6.369900470908546e-10
2.875028988265515e-10
-3.768471888867596e-11
-6.257380077413644e-10
4.67753535859559e-10
-5.043676074424624e-11
-6.259666761769155e-10
9.350820863284813e-10
-6.097854925698987e-11
-7.136043097372115e-10
-9.296832980084037e-10
1.082327668848842e-10
-7.019897919947516e-10
-4.682154689276717e-10
8.556398606609668e-11
-6.176988724322044e-10
-2.883269569726073e-10
6.164536653244576e-11
-6.174586517656965e-10
-1.699258650479665e-10
3.965106923601814e-11
-6.285563142870233e-10
-7.96331277802297e-11
1.934580330862289e-11
-6.37090767003815e-10
-2.547056188842524e-19
4.632632390758713e-20
-6.401475823891687e-10
7.96331272934253e-11
-1.934580322005166e-11
-6.37090766994525e-10
1.699258646270297e-10
-3.965106915950295e-11
-6.285563142687828e-10
2.883269566547913e-10
-6.164536647450494e-11
-6.174586517417011e-10
4.682154687396211e-10
-8.556398603304873e-11
-6.176988723994938e-10
9.296832979673583e-10
-1.082327668795948e-10
-7.019897919822396e-10
-9.749782759481309e-10
2.136037705147264e-10
-6.694846170982788e-10
-5.121474856368766e-10
1.563102975451215e-10
-5.889187597494463e-10
-3.208196790236004e-10
1.087011965468386e-10
-5.91541520523919e-10
-1.915155520884836e-10
6.827738997763502e-11
-6.048966020851697e-10
-9.033678465118512e-11
3.294781749251936e-11
-6.14891247070745e-10
-5.570279085979118e-20
1.733770180660759e-20
-6.18440852208216e-10
9.03367845447232e-11
-3.294781745936611e-11
-6.148912470693595e-10
1.915155519964273e-10
-6.827738994900292e-11
-6.048966020823936e-10
3.208196789541276e-10
-1.087011965251207e-10
-5.915415205204059e-10
5.121474855958689e-10
-1.563102975327528e-10
-5.889187597442645e-10
9.749782759393785e-10
-2.136037705128364e-10
-6.694846170963703e-10
-1.539971482172324e-09
-2.240711594272421e-10
-1.415543729787698e-09
-9.362670166032094e-10
-1.833901182350916e-10
-1.35443796126641e-09
-5.796933188219249e-10
-1.35675619844015e-10
-1.316451735428182e-09
-3.454804171975495e-10
-8.870650959524207e-11
-1.309192234287175e-09
-1.623837403245964e-10
-4.364422623370311e-11
-1.310583443799008e-09
1.014249390981588e-19
1.76312069183198e-20
-1.311819940153199e-09
1.623837405184452e-10
4.364422626738522e-11
-1.310583443800642e-09
3.454804173651481e-10
8.870650962439016e-11
-1.309192234290211e-09
5.796933189484824e-10
1.356756198659914e-10
-1.316451735432529e-09
9.362670166774832e-10
1.8339011824759e-10
-1.354437961271817e-09
1.539971482187503e-09
2.240711594295044e-10
-1.41554372978998e-09
-1.533091093924012e-09
-1.576186135921461e-10
-1.45266147924875e-09
-9.267541822837154e-10
-1.282220525840433e-10
-1.387901682615255e-09
-5.695394961480915e-10
-9.623525718424881e-11
-1.349122849800265e-09
-3.375727376945497e-10
-6.343364741663947e-11
-1.340984745231497e-09
-1.581043296197515e-10
-3.139268384590378e-11
-1.341520001902925e-09
4.857339359579312e-19
4.270456694728815e-20
-1.342417279172023e-09
1.581043305481138e-10
3.13926839274945e-11
-1.341520001912207e-09
3.375727384972249e-10
6.343364748723679e-11
-1.340984745248893e-09
5.695394967542633e-10
9.623525723741246e-11
-1.349122849825143e-09
9.267541826394257e-10
1.282220526143636e-10
-1.387901682645103e-09
1.533091093998308e-09
1.576186135977126e-10
-1.452661479261442e-09
-1.526740640742977e-09
-9.696529872992281e-11
-1.473119871670593e-09
-9.197573228709813e-10
-8.058940045719299e-11
-1.405363380731464e-09
-5.641484593291235e-10
-6.134577183088591e-11
-1.364379450729838e-09
-3.340502115866587e-10
-4.101938918678984e-11
-1.355741866883811e-09
-1.563538020232938e-10
-2.046764694578892e-11
-1.356166536960117e-09
8.2758433541341e-19
3.387257426505485e-20
-1.357045739135559e-09
1.563538036050214e-10
2.046764701050159e-11
-1.356166536976352e-09
3.340502129542505e-10
4.101938924278881e-11
-1.355741866914279e-09
5.641484603619466e-10
6.134577187306322e-11
-1.36437945077342e-09
9.197573234770544e-10
8.058940048116603e-11
-1.405363380783658e-09
1.526740640869555e-09
9.696529873412767e-11
-1.473119871692828e-09
-1.528236824993298e-09
-5.59456974853983e-11
-1.483076454512828e-09
-9.191221987582319e-10
-4.731891531114277e-11
-1.413604037550502e-09
-5.634276554033294e-10
-3.642225923220312e-11
-1.371615750050407e-09
-3.336341524593561e-10
-2.456526240024628e-11
-1.362549085074021e-09
-1.561769776859292e-10
-1.233737676039578e-11
-1.362898946953335e-09
1.095920361993111e-18
2.607244598517124e-20
-1.363778107037283e-09
1.561769797805161e-10
1.233737681020744e-11
-1.362898946974929e-09
3.336341542703766e-10
2.456526244334978e-11
-1.362549085114543e-09
5.634276567710472e-10
3.642225926468393e-11
-1.371615750108382e-09
9.191221995608485e-10
4.731891532966494e-11
-1.413604037619953e-09
1.528236825160939e-09
5.594569748870779e-11
-1.483076454542378e-09
-1.529546323992875e-09
-2.565484504314547e-11
-1.487706617738333e-09
-9.192210284921481e-10
-2.191179194852073e-11
-1.417406234777442e-09
-5.632943221138109e-10
-1.697979041045029e-11
-1.374889801533647e-09
-3.335690094033359e-10
-1.150771281903675e-11
-1.365580679978488e-09
-1.561648952413545e-10
-5.798105246476391e-12
-1.365838419053854e-09
1.267437588240026e-18
1.117533780823477e-20
-1.36670041902782e-09
1.561648976637554e-10
5.798105267825282e-12
-1.365838419078779e-09
3.335690114977902e-10
1.150771283751256e-11
-1.365580680025259e-09
5.632943236955846e-10
1.697979042436753e-11
-1.374889801600565e-09
9.192210294203847e-10
2.191179195641577e-11
-1.417406234857612e-09
1.529546324186761e-09
2.565484504451396e-11
-1.487706617772442e-09
-1.530064211243402e-09
1.265320740663604e-22
-1.489071308993906e-09
-9.193355876958689e-10
7.881485528489021e-22
-1.418511162583878e-09
-5.633028889512818e-10
1.205050580882916e-21
-1.37583268082865e-09
-3.335751881072254e-10
1.708454277594166e-21
-1.366441658250191e-09
-1.561735529685194e-10
1.933962599661431e-21
-1.366664208079461e-09
1.326321813496297e-18
2.064250543540401e-21
-1.367516250364922e-09
1.56173555503463e-10
2.011568113381836e-21
-1.366664208105572e-09
3.335751902989863e-10
1.704683749137573e-21
-1.366441658299186e-09
5.633028906065431e-10
1.372913587323735e-21
-1.375832680898746e-09
9.1933558866723e-10
7.255906437896927e-22
-1.418511162667854e-09
1.530064211446295e-09
1.973764578865084e-22
-1.489071309029636e-09
-1.5295463239929e-09
2.565484504281765e-11
-1.487706617738534e-09
-9.19221028492092e-10
2.191179194723161e-11
-1.417406234776765e-09
-5.632943221138348e-10
1.69797904079883e-11
-1.374889801534675e-09
-3.335690094032813e-10
1.150771281590863e-11
-1.365580679977117e-09
-1.561648952413431e-10
5.798105242721601e-12
-1.365838419055397e-09
1.267465102207432e-18
-1.511519982296268e-20
-1.366700419026199e-09
1.561648976637962e-10
-5.798105271599576e-12
-1.365838419080338e-09
3.335690114977805e-10
-1.150771284089194e-11
-1.365580680023915e-09
5.632943236956417e-10
-1.697979042681076e-11
-1.374889801601632e-09
9.192210294203467e-10
-2.19117919579898e-11
-1.417406234856982e-09
1.529546324186789e-09
-2.565484504476561e-11
-1.487706617772663e-09
-1.52823682499335e-09
5.594569748564248e-11
-1.483076454513196e-09
-9.191221987581867e-10
4.731891531241626e-11
-1.413604037549468e-09
-5.634276554034505e-10
3.642225923427608e-11
-1.371615750052177e-09
-3.336341524593753e-10
2.456526240308466e-11
-1.362549085071809e-09
-1.561769776860375e-10
1.233737676366472e-11
-1.362898946955917e-09
1.095831158279548e-18
-2.26023464341928e-20
-1.363778107034609e-09
1.561769797804537e-10
-1.233737680684367e-11
-1.362898946977482e-09
3.336341542702474e-10
-2.456526244044922e-11
-1.362549085112272e-09
5.634276567710558e-10
-3.642225926242002e-11
-1.371615750110075e-09
9.191221995607363e-10
-4.731891532838922e-11
-1.413604037618823e-09
1.528236825160972e-09
-5.59456974884035e-11
-1.483076454542705e-09
-1.52674064074302e-09
9.696529872975311e-11
-1.473119871670931e-09
-9.197573228708741e-10
8.058940045623417e-11
-1.405363380730272e-09
-5.641484593291453e-10
6.134577182929325e-11
-1.364379450731599e-09
-3.340502115865373e-10
4.101938918461093e-11
-1.355741866881424e-09
-1.563538020232414e-10
2.046764694326907e-11
-1.356166536962777e-09
8.276664589773603e-19
-3.654721479128623e-20
-1.357045739132757e-09
1.563538036051252e-10
-2.046764701309293e-11
-1.356166536979055e-09
3.340502129542633e-10
-4.101938924502715e-11
-1.355741866911966e-09
5.64148460362066e-10
-6.134577187480208e-11
-1.36437945077529e-09
9.197573234769992e-10
-8.058940048215319e-11
-1.405363380782588e-09
1.526740640869602e-09
-9.696529873434732e-11
-1.47311987169322e-09
-1.533091093924058e-09
1.576186135923308e-10
-1.452661479249039e-09
-9.267541822837087e-10
1.28222052584568e-10
-1.387901682614534e-09
-5.69539496148218e-10
9.623525718536212e-11
-1.349122849801588e-09
-3.375727376946163e-10
6.3433647417969e-11
-1.340984745229907e-09
-1.581043296198886e-10
3.139268384754425e-11
-1.341520001904817e-09
4.856071472440105e-19
-4.100042524312721e-20
-1.342417279170076e-09
1.581043305480079e-10
-3.139268392587677e-11
-1.341520001914052e-09
3.375727384970796e-10
-6.343364748574555e-11
-1.340984745247215e-09
5.695394967542262e-10
-9.623525723638925e-11
-1.34912284982635e-09
9.267541826393197e-10
-1.282220526136155e-10
-1.38790168264422e-09
1.533091093998324e-09
-1.576186135976079e-10
-1.45266147926167e-09
-1.53997148217234e-09
2.240711594272314e-10
-1.415543729787753e-09
-9.362670166031901e-10
1.833901182348596e-10
-1.354437961266189e-09
-5.796933188219072e-10
1.356756198437221e-10
-1.316451735428425e-09
-3.454804171975017e-10
8.870650959476924e-11
-1.309192234286787e-09
-1.623837403245501e-10
4.364422623319422e-11
-1.310583443799403e-09
1.014782453221023e-19
-1.81850458870442e-20
-1.311819940152765e-09
1.623837405184997e-10
-4.364422626793379e-11
-1.310583443801064e-09
3.454804173651848e-10
-8.870650962482925e-11
-1.309192234289874e-09
5.796933189485217e-10
-1.356756198663823e-10
-1.316451735432843e-09
9.362670166774875e-10
-1.833901182477581e-10
-1.354437961271675e-09
1.539971482187503e-09
-2.240711594295923e-10
-1.415543729790085e-09
-1.925062790737593e-09
-2.018504611867239e-10
-2.202313397923981e-09
-1.265160253151039e-09
-1.682395186567825e-10
-2.150182324068804e-09
-8.116532436700072e-10
-1.294999346456276e-10
-2.104333429801957e-09
-4.863269534752113e-10
-8.706813491818405e-11
-2.077101832026835e-09
-2.290023879043536e-10
-4.359637323273387e-11
-2.065512225324397e-09
-1.401992304674872e-19
-1.389516117595239e-20
-2.062453363003279e-09
2.290023876364271e-10
4.359637320618738e-11
-2.065512225323091e-09
4.863269532435351e-10
8.706813489523015e-11
-2.07710183202437e-09
8.116532434951615e-10
1.294999346283355e-10
-2.104333429798484e-09
1.265160253048687e-09
1.682395186469138e-10
-2.150182324064522e-09
1.925062790716835e-09
2.018504611848836e-10
-2.202313397922167e-09
-1.938060598922557e-09
-1.528495418341088e-10
-2.233271583888256e-09
-1.276944267068895e-09
-1.265982126924873e-10
-2.180758343638449e-09
-8.186641519072486e-10
-9.774607012512192e-11
-2.135910362125161e-09
-4.899829866014586e-10
-6.603363161707115e-11
-2.109433771418265e-09
-2.304978579071526e-10
-3.31583686610655e-11
-2.098058003653119e-09
-6.738040016368813e-19
-3.108896217788211e-20
-2.095015584499922e-09
2.304978566194878e-10
3.315836860167785e-11
-2.098058003646007e-09
4.89982985487993e-10
6.60336315657268e-11
-2.109433771404849e-09
8.186641510669737e-10
9.774607008647286e-11
-2.13591036210624e-09
1.276944266576931e-09
1.26598212670439e-10
-2.180758343615741e-09
1.938060598820218e-09
1.528495418300503e-10
-2.233271583878656e-09
-1.936514294091255e-09
-1.05204515093951e-10
-2.255115441098557e-09
-1.276119112728056e-09
-8.746304830744815e-11
-2.200487069220556e-09
-8.179875473693506e-10
-6.755942303566707e-11
-2.153972587777254e-09
-4.8945458647598e-10
-4.583707631629848e-11
-2.126869411213337e-09
-2.302224199114672e-10
-2.310199399592895e-11
-2.115367668746036e-09
-1.151016679479617e-18
-2.836690993018769e-20
-2.112310118951771e-09
2.302224177118324e-10
2.310199394173641e-11
-2.115367668733506e-09
4.894545845739115e-10
4.58370762694427e-11
-2.126869411189696e-09
8.179875459339741e-10
6.75594230003837e-11
-2.153972587743914e-09
1.276119111887708e-09
8.746304828727876e-11
-2.200487069180561e-09
1.936514293916423e-09
1.052045150902848e-10
-2.255115441081619e-09
-1.935024888395322e-09
-6.391217595825374e-11
-2.267529868516178e-09
-1.274424812385593e-09
-5.372192748577636e-11
-2.211590826344789e-09
-8.167953194296288e-10
-4.162106474241365e-11
-2.163888481128127e-09
-4.887787961928074e-10
-2.832211086437498e-11
-2.136072135613293e-09
-2.299291458811939e-10
-1.431634525844046e-11
-2.124298187202227e-09
-1.525170779127829e-18
-1.677649335139821e-20
-2.121180641099441e-09
2.299291429665373e-10
1.431634522639346e-11
-2.124298187185645e-09
4.887787936724425e-10
2.832211083666784e-11
-2.136072135582005e-09
8.167953175276594e-10
4.162106472156286e-11
-2.163888481084002e-09
1.274424811272085e-09
5.372192747392445e-11
-2.211590826291854e-09
1.935024888163673e-09
6.39121759561721e-11
-2.267529868493779e-09
-1.934859212807153e-09
-3.005057114881025e-11
-2.273696701820228e-09
-1.273764093898635e-09
-2.545508863152173e-11
-2.217015041470529e-09
-8.162443167003079e-10
-1.978154769406124e-11
-2.168720924812717e-09
-4.884688246280483e-10
-1.348145526976528e-11
-2.140492831019777e-09
-2.29804738377037e-10
-6.823294990505424e-12
-2.128510129004937e-09
-1.763824347503152e-18
-1.265278958347311e-20
-2.125334432937813e-09
2.298047350063054e-10
6.823294966332189e-12
-2.128510128985717e-09
4.884688217133059e-10
1.348145524886515e-11
-2.140492830983513e-09
8.162443145007225e-10
1.978154767831992e-11
-2.168720924761575e-09
1.273764092610884e-09
2.545508862249316e-11
-2.217015041409172e-09
1.934859212539251e-09
3.005057114713831e-11
-2.273696701794269e-09
-1.93486243428867e-09
1.764286602157354e-22
-2.275552682385951e-09
-1.273575753138495e-09
1.095970030309801e-21
-2.218639953143176e-09
-8.160682883099706e-10
1.672837894826753e-21
-2.170161238676945e-09
-4.883649733689247e-10
2.373114413796245e-21
-2.141803219581692e-09
-2.297623101032609e-10
2.684625201835501e-21
-2.129747527109134e-09
-1.845899076756413e-18
2.865357276415446e-21
-2.126549508744705e-09
2.297623065756814e-10
2.792241693546061e-21
-2.129747527089036e-09
4.883649703185526e-10
2.365008735826978e-21
-2.141803219543768e-09
8.160682860080339e-10
1.906385212862979e-21
-2.170161238623467e-09
1.273575751790823e-09
1.006492214105214e-21
-2.218639953079014e-09
1.934862434008301e-09
2.754378885129627e-22
-2.275552682358806e-09
-1.934859212807174e-09
3.005057114835719e-11
-2.273696701820511e-09
-1.273764093898588e-09
2.545508862973667e-11
-2.217015041469583e-09
-8.16244316700321e-10
1.978154769064602e-11
-2.16872092481416e-09
-4.88468824627997e-10
1.348145526542972e-11
-2.140492831017854e-09
-2.29804738377015e-10
6.823294985299873e-12
-2.128510129007102e-09
-1.763785815943614e-18
7.192816277917839e-21
-2.125334432935534e-09
2.298047350063569e-10
-6.823294971560628e-12
-2.128510128987906e-09
4.884688217133166e-10
-1.348145525354714e-11
-2.140492830981626e-09
8.162443145007826e-10
-1.978154768170081e-11
-2.168720924763073e-09
1.273764092610863e-09
-2.545508862467293e-11
-2.21701504140829e-09
1.934859212539273e-09
-3.005057114748349e-11
-2.27369670179458e-09
-1.935024888395361e-09
6.391217595859503e-11
-2.267529868516691e-09
-1.274424812385551e-09
5.372192748754677e-11
-2.211590826343336e-09
-8.167953194297126e-10
4.162106474529174e-11
-2.163888481130609e-09
-4.887787961928047e-10
2.83221108683158e-11
-2.136072135610184e-09
-2.299291458812539e-10
1.431634526297702e-11
-2.124298187205849e-09
-1.525208783807843e-18
2.159127394394642e-20
-2.121180641095681e-09
2.299291429665242e-10
-1.431634522172675e-11
-2.124298187189229e-09
4.887787936723759e-10
-2.832211083264506e-11
-2.136072135578819e-09
8.16795317527693e-10
-4.162106471842167e-11
-2.16388848108638e-09
1.274424811272011e-09
-5.372192747215468e-11
-2.211590826290273e-09
1.935024888163702e-09
-6.391217595574796e-11
-2.267529868494239e-09
-1.936514294091291e-09
1.052045150937194e-10
-2.255115441099031e-09
-1.276119112727969e-09
8.746304830612132e-11
-2.200487069218881e-09
-8.179875473693616e-10
6.755942303346249e-11
-2.153972587779724e-09
-4.894545864758747e-10
4.583707631328024e-11
-2.126869411209989e-09
-2.302224199114094e-10
2.310199399243928e-11
-2.115367668749772e-09
-1.150928758708335e-18
2.466294474402325e-20
-2.112310118947831e-09
2.302224177119419e-10
-2.310199394532452e-11
-2.1153676687373e-09
4.894545845739497e-10
-4.583707627254075e-11
-2.126869411186448e-09
8.179875459340893e-10
-6.755942300279072e-11
-2.153972587746537e-09
1.276119111887674e-09
-8.746304828864372e-11
-2.200487069179064e-09
1.936514293916458e-09
-1.05204515090587e-10
-2.255115441082169e-09
-1.938060598922594e-09
1.528495418343688e-10
-2.233271583888661e-09
-1.276944267068889e-09
1.265982126932163e-10
-2.180758343637436e-09
-8.186641519073434e-10
9.774607012666908e-11
-2.135910362127011e-09
-4.899829866015018e-10
6.603363161891419e-11
-2.109433771416031e-09
-2.304978579072468e-10
3.315836866334028e-11
-2.098058003655771e-09
-6.738846862539834e-19
3.345029698381135e-20
-2.095015584497185e-09
2.304978566194267e-10
-3.315836859943784e-11
-2.0980580036486e-09
4.899829854878999e-10
-6.603363156366032e-11
-2.109433771402494e-09
8.186641510669602e-10
-9.774607008505777e-11
-2.135910362107936e-09
1.276944266576855e-09
-1.265982126694011e-10
-2.180758343614507e-09
1.938060598820229e-09
-1.528495418299041e-10
-2.233271583878974e-09
-1.925062790737612e-09
2.018504611867128e-10
-2.202313397924059e-09
-1.265160253151031e-09
1.682395186564631e-10
-2.150182324068495e-09
-8.116532436700001e-10
1.294999346452249e-10
-2.104333429802295e-09
-4.863269534751809e-10
8.706813491753009e-11
-2.077101832026289e-09
-2.290023879043238e-10
4.359637323203067e-11
-2.06551222532495e-09
-1.401627105679929e-19
1.312923666424368e-20
-2.06245336300267e-09
2.290023876364658e-10
-4.359637320694647e-11
-2.065512225323681e-09
4.863269532435599e-10
-8.706813489583678e-11
-2.077101832023897e-09
8.116532434951885e-10
-1.294999346288766e-10
-2.104333429798923e-09
1.265160253048686e-09
-1.68239518647145e-10
-2.150182324064322e-09
1.925062790716831e-09
-2.018504611850048e-10
-2.202313397922312e-09
-2.192370056421466e-09
-1.630068354625723e-10
-2.990201803180462e-09
-1.513609263153202e-09
-1.377281489929262e-10
-2.949700744603469e-09
-1.004560321465648e-09
-1.079334288319677e-10
-2.90463782382062e-09
-6.123699738611307e-10
-7.402656928732976e-11
-2.870133543802423e-09
-2.902011614071205e-10
-3.753696600314499e-11
-2.850285318223122e-09
1.667369721496819e-19
7.436077100674013e-21
-2.844032315292078e-09
2.902011617257867e-10
3.753696601738604e-11
-2.850285318223816e-09
6.123699741366571e-10
7.402656929962103e-11
-2.870133543803885e-09
1.004560321673533e-09
1.079334288412372e-10
-2.90463782382249e-09
1.51360926327482e-09
1.377281489982259e-10
-2.94970074460594e-09
2.192370056446099e-09
1.630068354635205e-10
-2.990201803181434e-09
-2.214240637536893e-09
-1.296790295486365e-10
-3.014616095014934e-09
-1.534376220804773e-09
-1.07968453016207e-10
-2.974622554422754e-09
-1.019950294081065e-09
-8.450287595467704e-11
-2.93135092853405e-09
-6.222728423968088e-10
-5.798945078144365e-11
-2.898470405309212e-09
-2.949977966226807e-10
-2.944562447232766e-11
-2.879564109254859e-09
8.024285496505309e-19
2.037231922676356e-20
-2.873598842165254e-09
2.949977981562788e-10
2.944562451133609e-11
-2.879564109258883e-09
6.222728437227627e-10
5.798945081511078e-11
-2.898470405317582e-09
1.019950295081428e-09
8.450287598005039e-11
-2.931350928544892e-09
1.534376221390167e-09
1.079684530308095e-10
-2.974622554436569e-09
2.214240637658519e-09
1.296790295513788e-10
-3.014616095020544e-09
-2.21770971796973e-09
-9.445358932403691e-11
-3.033959146809905e-09
-1.539514295465176e-09
-7.845359779824365e-11
-2.993079465597862e-09
-1.024270186335397e-09
-6.111619534302245e-11
-2.948998973291916e-09
-6.251826705369347e-10
-4.191373664835835e-11
-2.91584415086263e-09
-2.96450129896399e-10
-2.129581680465345e-11
-2.896921310172623e-09
1.371228402066722e-18
1.316230416994445e-20
-2.890977603156199e-09
2.964501325170865e-10
2.129581682986842e-11
-2.896921310179556e-09
6.251826728027791e-10
4.19137366701104e-11
-2.915844150877059e-09
1.024270188044833e-09
6.111619535940788e-11
-2.948998973310602e-09
1.539514296465493e-09
7.845359780760547e-11
-2.993079465621637e-09
2.217709718177615e-09
9.445358932568411e-11
-3.033959146819594e-09
-2.217012848236504e-09
-6.047845220746006e-11
-3.04640359601487e-09
-1.539571153655015e-09
-5.045954969788244e-11
-3.004706625974849e-09
-1.024702712380108e-09
-3.92100801579893e-11
-2.959755873983778e-09
-6.256241294007149e-10
-2.684789376237623e-11
-2.925972262133214e-09
-2.967130097181939e-10
-1.364101722163322e-11
-2.906747889464721e-09
1.817598764053623e-18
1.424326755999906e-20
-2.90072233404995e-09
2.967130131919826e-10
1.364101724889767e-11
-2.906747889473988e-09
6.256241324041481e-10
2.684789378591631e-11
-2.925972262152501e-09
1.024702714645999e-09
3.921008017573601e-11
-2.959755874008769e-09
1.539571154980933e-09
5.045954970811111e-11
-3.004706626006628e-09
2.217012848512034e-09
6.047845220937861e-11
-3.046403596027815e-09
-2.216161834179102e-09
-2.923646344889776e-11
-3.053057167984152e-09
-1.538922794715763e-09
-2.45170041853928e-11
-3.010865835106486e-09
-1.024362569300768e-09
-1.904764888161814e-11
-2.96540770438568e-09
-6.254996587944817e-10
-1.302939495025808e-11
-2.931205082348052e-09
-2.966852115741881e-10
-6.617763414221657e-12
-2.911732052600548e-09
2.102206332935758e-18
2.5068809670905e-21
-2.90562921934595e-09
2.966852155919178e-10
6.61776341903602e-12
-2.911732052611239e-09
6.254996622682038e-10
1.302939495440394e-11
-2.931205082370307e-09
1.024362571921458e-09
1.904764888474094e-11
-2.96540770441451e-09
1.53892279624929e-09
2.451700418714263e-11
-3.010865835143151e-09
2.216161834497769e-09
2.923646344916205e-11
-3.053057167999084e-09
-2.215888028509023e-09
2.108967805310711e-22
-3.05512915600853e-09
-1.538663767455533e-09
1.305173926745764e-21
-3.012770328534048e-09
-1.024196973025967e-09
1.987175737144683e-21
-2.967152355230491e-09
-6.254188021372689e-10
2.820087540373522e-21
-2.932812822272597e-09
-2.966565235971722e-10
3.187418256907399e-21
-2.913252192862901e-09
2.199893095707399e-18
3.401209859311134e-21
-2.907120210000808e-09
2.966565278016003e-10
3.313868087381615e-21
-2.913252192874095e-09
6.254188057724104e-10
2.804660103334974e-21
-2.932812822295896e-09
1.024196975768437e-09
2.262772870705399e-21
-2.967152355260674e-09
1.538663769060321e-09
1.192854367530657e-21
-3.01277032857243e-09
2.215888028842499e-09
3.28639119357068e-22
-3.055129156024161e-09
-2.216161834179117e-09
2.923646344836289e-11
-3.05305716798449e-09
-1.538922794715739e-09
2.451700418327913e-11
-3.010865835105344e-09
-1.024362569300787e-09
1.904764887756419e-11
-2.965407704387421e-09
-6.254996587944642e-10
1.302939494511533e-11
-2.931205082345731e-09
-2.96685211574195e-10
6.617763408044689e-12
-2.911732052603161e-09
2.10220467541405e-18
-8.983855839438558e-21
-2.905629219343204e-09
2.966852155919213e-10
-6.617763425235853e-12
-2.911732052613878e-09
6.25499662268183e-10
-1.302939495995721e-11
-2.931205082368033e-09
1.024362571921472e-09
-1.904764888874615e-11
-2.965407704416316e-09
1.538922796249262e-09
-2.451700418972785e-11
-3.010865835142088e-09
2.216161834497779e-09
-2.923646344956746e-11
-3.053057167999456e-09
-2.217012848236532e-09
6.047845220786951e-11
-3.046403596015488e-09
-1.539571153654996e-09
5.045954969998999e-11
-3.004706625973101e-09
-1.024702712380173e-09
3.921008016140978e-11
-2.959755873986768e-09
-6.256241294007342e-10
2.684789376705884e-11
-2.925972262129465e-09
-2.967130097182598e-10
1.364101722702019e-11
-2.906747889469086e-09
1.817538444413467e-18
-8.527487655850457e-21
-2.900722334045422e-09
2.967130131919329e-10
-1.364101724335902e-11
-2.906747889478309e-09
6.25624132404066e-10
-2.684789378114384e-11
-2.925972262148658e-09
1.024702714645985e-09
-3.921008017200802e-11
-2.959755874011631e-09
1.539571154980865e-09
-5.045954970601161e-11
-3.004706626004722e-09
2.217012848512047e-09
-6.047845220887236e-11
-3.046403596028368e-09
-2.217709717969758e-09
9.445358932376646e-11
-3.033959146810475e-09
-1.539514295465134e-09
7.845359779667202e-11
-2.993079465595849e-09
-1.024270186335423e-09
6.111619534040965e-11
-2.948998973294894e-09
-6.251826705368969e-10
4.191373664477903e-11
-2.915844150858595e-09
-2.964501298964008e-10
2.129581680051599e-11
-2.896921310177129e-09
1.371236656678489e-18
-1.755309092812162e-20
-2.890977603151454e-09
2.964501325171029e-10
-2.129581683412104e-11
-2.896921310184129e-09
6.251826728027519e-10
-4.191373667378038e-11
-2.915844150873145e-09
1.024270188044863e-09
-6.111619536225926e-11
-2.948998973313763e-09
1.539514296465445e-09
-7.845359780921995e-11
-2.993079465619829e-09
2.217709718177627e-09
-9.445358932603995e-11
-3.033959146820253e-09
-2.214240637536924e-09
1.296790295489509e-10
-3.014616095015418e-09
-1.534376220804777e-09
1.079684530170741e-10
-2.97462255442153e-09
-1.019950294081136e-09
8.450287595652017e-11
-2.931350928536282e-09
-6.22272842396852e-10
5.798945078363427e-11
-2.898470405306518e-09
-2.949977966227608e-10
2.944562447503276e-11
-2.879564109258058e-09
8.023513883868023e-19
-1.756611860970405e-20
-2.873598842161957e-09
2.949977981562101e-10
-2.944562450867509e-11
-2.879564109262008e-09
6.222728437226739e-10
-5.798945081265425e-11
-2.898470405314742e-09
1.019950295081394e-09
-8.450287597837063e-11
-2.931350928546933e-09
1.534376221390102e-09
-1.079684530295728e-10
-2.974622554435087e-09
2.214240637658515e-09
-1.296790295512038e-10
-3.014616095020931e-09
-2.192370056421484e-09
1.630068354625645e-10
-2.990201803180552e-09
-1.513609263153207e-09
1.377281489925507e-10
-2.949700744603093e-09
-1.004560321465656e-09
1.079334288314951e-10
-2.904637823821027e-09
-6.123699738611256e-10
7.40265692865572e-11
-2.870133543801767e-09
-2.902011614071173e-10
3.753696600231545e-11
-2.850285318223789e-09
1.667430211211747e-19
-8.34032357895335e-21
-2.844032315291346e-09
2.902011617257932e-10
-3.75369660182826e-11
-2.850285318224528e-09
6.123699741366558e-10
-7.402656930033561e-11
-2.870133543803312e-09
1.004560321673535e-09
-1.079334288418761e-10
-2.904637823823021e-09
1.513609263274807e-09
-1.377281489984956e-10
-2.949700744605699e-09
2.192370056446089e-09
-1.630068354636621e-10
-2.990201803181609e-09
-2.370306267669269e-09
-1.215789701994319e-10
-3.762994913165909e-09
-1.694133841156112e-09
-1.037935000685337e-10
-3.732491092511613e-09
-1.155687737553907e-09
-8.227807536746235e-11
-3.69254775707453e-09
-7.171048673193042e-10
-5.709626931403919e-11
-3.657887567829032e-09
-3.42946126794898e-10
-2.920417212175771e-11
-3.635756134988842e-09
-1.786169975326731e-19
-2.200062889513588e-21
-3.628285333199876e-09
3.429461264535405e-10
2.920417211759491e-11
-3.635756134988611e-09
7.171048670241581e-10
5.709626931041607e-11
-3.657887567828773e-09
1.155687737331242e-09
8.227807536473851e-11
-3.692547757073954e-09
1.694133841025874e-09
1.037935000669826e-10
-3.732491092511097e-09
2.370306267642897e-09
1.215789701991053e-10
-3.762994913165601e-09
-2.394376732953646e-09
-1.001660734669559e-10
-3.780928258074481e-09
-1.717309292310192e-09
-8.359080132692093e-11
-3.751425352497433e-09
-1.173723839755892e-09
-6.586697659420845e-11
-3.7133604442519e-09
-7.293196997480381e-10
-4.559937527107413e-11
-3.680478062673892e-09
-3.490780133951458e-10
-2.331600031994617e-11
-3.659495104700163e-09
-8.594699834567831e-19
-2.046047955166097e-21
-3.652407269619695e-09
3.490780117526135e-10
2.331600031614303e-11
-3.659495104699109e-09
7.293196983278832e-10
4.559937526772144e-11
-3.680478062672816e-09
1.173723838684546e-09
6.586697659170021e-11
-3.713360444249305e-09
1.717309291683362e-09
8.359080132557596e-11
-3.751425352495246e-09
2.394376732823399e-09
1.001660734667298e-10
-3.780928258073255e-09
-2.401229266179039e-09
-7.612236320975774e-11
-3.796677866228936e-09
-1.725974491290721e-09
-6.29067016330206e-11
-3.7669951441598e-09
-1.181189074628089e-09
-4.912503943624822e-11
-3.728738429588548e-09
-7.345216837173409e-10
-3.387345149954742e-11
-3.695899148996104e-09
-3.517268471892752e-10
-1.729346818295721e-11
-3.675026300443535e-09
-1.469020028373001e-18
-5.858022276742049e-21
-3.66799050629327e-09
3.517268443818376e-10
1.729346817184832e-11
-3.675026300441579e-09
7.345216812900031e-10
3.387345148989082e-11
-3.695899148993998e-09
1.181189072796963e-09
4.912503942897553e-11
-3.72873842958372e-09
1.725974490219367e-09
6.290670162885472e-11
-3.766995144155584e-09
2.401229265956364e-09
7.61223632089489e-11
-3.796677866226653e-09
-2.40228879067251e-09
-5.059329247543236e-11
-3.807732290827369e-09
-1.728207192695179e-09
-4.180446213426079e-11
-3.777701690930133e-09
-1.183537269938496e-09
-3.244943208282802e-11
-3.738954369919392e-09
-7.363172446629165e-10
-2.22776169294172e-11
-3.705704698439503e-09
-3.526779555303422e-10
-1.135186295480199e-11
-3.684606722913975e-09
-1.947333776369183e-18
1.125531222638809e-21
-3.677503329983234e-09
3.526779518088024e-10
1.135186295701565e-11
-3.68460672291145e-09
7.363172414452416e-10
2.227761693129591e-11
-3.705704698436849e-09
1.183537267511168e-09
3.244943208425985e-11
-3.738954369913175e-09
1.728207191275018e-09
4.180446213516621e-11
-3.777701690924764e-09
2.402288790377351e-09
5.05932924756636e-11
-3.807732290824437e-09
-2.401942247971258e-09
-2.509643823066334e-11
-3.814038769201795e-09
-1.728413975140283e-09
-2.078281081991756e-11
-3.783745016709717e-09
-1.184007402327672e-09
-1.608942445413817e-11
-3.744662255388418e-09
-7.367744459405337e-10
-1.101379409465547e-11
-3.711090990936083e-09
-3.529459750122475e-10
-5.603441429700434e-12
-3.689781966286394e-09
-2.252271766460592e-18
-4.833339676973435e-21
-3.682608108107722e-09
3.529459707079428e-10
5.603441420496309e-12
-3.689781966283444e-09
7.36774442218996e-10
1.101379408668037e-11
-3.711090990932958e-09
1.184007399520247e-09
1.608942444813265e-11
-3.744662255381155e-09
1.728413973497746e-09
2.078281081644675e-11
-3.783745016703415e-09
2.40194224762989e-09
2.509643822997921e-11
-3.814038769198361e-09
-2.401715368595097e-09
2.273523718748581e-22
-3.816066218066037e-09
-1.728338823015954e-09
1.395868740271056e-21
-3.785679439652961e-09
-1.184037964852992e-09
2.118927513354403e-21
-3.746484064625188e-09
-7.368402315475793e-10
3.008304834004654e-21
-3.712801961118897e-09
-3.52992527938247e-10
3.396874872260937e-21
-3.691415500821392e-09
-2.35703941787361e-18
3.624037833871359e-21
-3.684214558531464e-09
3.529925234337212e-10
3.530622278571792e-21
-3.691415500818299e-09
7.368402276529291e-10
2.985880144524535e-21
-3.712801961115618e-09
1.184037961914976e-09
2.411461982405516e-21
-3.746484064617573e-09
1.728338821297014e-09
1.269277352490838e-21
-3.785679439646344e-09
2.401715368237849e-09
3.531669721357036e-22
-3.816066218062441e-09
-2.401942247971265e-09
2.509643823009891e-11
-3.814038769202159e-09
-1.728413975140276e-09
2.078281081767468e-11
-3.78374501670848e-09
-1.184007402327674e-09
1.608942444982285e-11
-3.744662255390304e-09
-7.367744459405225e-10
1.101379408918567e-11
-3.711090990933572e-09
-3.529459750122376e-10
5.603441423127872e-12
-3.689781966289228e-09
-2.252256266956632e-18
-2.055452355807326e-21
-3.682608108104748e-09
3.529459707079624e-10
-5.60344142708744e-12
-3.689781966286302e-09
7.367744422190096e-10
-1.101379409258479e-11
-3.711090990930496e-09
1.184007399520267e-09
-1.608942445238479e-11
-3.744662255383111e-09
1.728413973497747e-09
-2.07828108191942e-11
-3.783745016702261e-09
2.401942247629893e-09
-2.509643823040383e-11
-3.814038769198762e-09
-2.402288790672519e-09
5.059329247587479e-11
-3.807732290828037e-09
-1.728207192695172e-09
4.180446213651462e-11
-3.777701690928238e-09
-1.183537269938505e-09
3.244943208647757e-11
-3.738954369922623e-09
-7.363172446629053e-10
2.227761693441228e-11
-3.705704698435443e-09
-3.526779555303352e-10
1.135186296054425e-11
-3.684606722918705e-09
-1.947317144174021e-18
4.965417094746155e-21
-3.677503329978329e-09
3.526779518088266e-10
-1.135186295111472e-11
-3.684606722916126e-09
7.363172414452563e-10
-2.227761692621342e-11
-3.705704698432689e-09
1.183537267511194e-09
-3.244943208028787e-11
-3.738954369916274e-09
1.728207191275016e-09
-4.180446213292971e-11
-3.777701690922702e-09
2.402288790377355e-09
-5.059329247511974e-11
-3.807732290825035e-09
-2.401229266179052e-09
7.612236320947763e-11
-3.796677866229553e-09
-1.725974491290712e-09
6.290670163135192e-11
-3.766995144157623e-09
-1.181189074628095e-09
4.912503943347192e-11
-3.728738429591773e-09
-7.345216837173238e-10
3.387345149574065e-11
-3.695899148991734e-09
-3.517268471892612e-10
1.729346817855772e-11
-3.675026300448413e-09
-1.468995808780652e-18
1.189620116647942e-21
-3.667990506288131e-09
3.517268443818692e-10
-1.729346817636901e-11
-3.675026300446529e-09
7.345216812900235e-10
-3.387345149378984e-11
-3.695899148989757e-09
1.181189072796994e-09
-4.912503943200486e-11
-3.728738429587139e-09
1.725974490219365e-09
-6.290670163056647e-11
-3.766995144153627e-09
2.401229265956363e-09
-7.612236320932313e-11
-3.796677866227365e-09
-2.39437673295366e-09
1.001660734672996e-10
-3.780928258075005e-09
-1.717309292310197e-09
8.359080132784931e-11
-3.751425352496106e-09
-1.173723839755911e-09
6.586697659618066e-11
-3.713360444254314e-09
-7.293196997480427e-10
4.559937527341149e-11
-3.680478062670975e-09
-3.490780133951533e-10
2.331600032283284e-11
-3.659495104703627e-09
-8.594706143885794e-19
5.038240087134457e-21
-3.652407269616124e-09
3.490780117526189e-10
-2.33160003133078e-11
-3.659495104702492e-09
7.293196983278819e-10
-4.55993752651019e-11
-3.680478062669742e-09
1.173723838684555e-09
-6.586697658991218e-11
-3.713360444251516e-09
1.71730929168335e-09
-8.359080132425358e-11
-3.751425352493642e-09
2.394376732823393e-09
-1.001660734665405e-10
-3.780928258073677e-09
-2.370306267669287e-09
1.215789701994322e-10
-3.762994913166007e-09
-1.69413384115613e-09
1.037935000681394e-10
-3.732491092511206e-09
-1.155687737553927e-09
8.227807536696626e-11
-3.692547757074972e-09
-7.171048673193181e-10
5.709626931322146e-11
-3.657887567828321e-09
-3.429461267949112e-10
2.920417212088035e-11
-3.635756134989564e-09
-1.78628259610968e-19
1.242776923965214e-21
-3.62828533319908e-09
3.429461264535302e-10
-2.920417211854461e-11
-3.63575613498938e-09
7.171048670241465e-10
-5.7096269311171e-11
-3.657887567828148e-09
1.155687737331231e-09
-8.227807536541558e-11
-3.692547757074526e-09
1.69413384102586e-09
-1.037935000672644e-10
-3.732491092510831e-09
2.370306267642882e-09
-1.215789701992531e-10
-3.762994913165789e-09
-2.477749123881908e-09
-8.338638285027542e-11
-4.505712810252159e-09
-1.81869246195438e-09
-7.198161992377202e-11
-4.483771605592771e-09
-1.267365030834896e-09
-5.7469845631468e-11
-4.450221692694391e-09
-7.980652740242283e-10
-4.011057310379926e-11
-4.419235081955223e-09
-3.848310541351204e-10
-2.059313823470979e-11
-4.398531530540474e-09
1.7454687578508e-19
-5.512628537289439e-21
-4.39136311651106e-09
3.84831054468712e-10
2.059313822422854e-11
-4.398531530539912e-09
7.980652743126651e-10
4.011057309471615e-11
-4.419235081954384e-09
1.267365031052521e-09
5.746984562464139e-11
-4.450221692692961e-09
1.818692462081693e-09
7.198161991988831e-11
-4.483771605591237e-09
2.477749123907691e-09
8.338638284951777e-11
-4.505712810251409e-09
-2.500418329245582e-09
-7.13175495961362e-11
-4.518051505852643e-09
-1.840665275201156e-09
-5.939132669590382e-11
-4.497258670218559e-09
-1.284982896501696e-09
-4.686837411222006e-11
-4.465373632441399e-09
-8.103495773727119e-10
-3.252571573374474e-11
-4.435857263031322e-09
-3.911318917300104e-10
-1.666823405333876e-11
-4.416106320001027e-09
8.398688285719987e-19
-9.767226046100488e-21
-4.409258803364812e-09
3.911318933351552e-10
1.666823403480907e-11
-4.416106319998176e-09
8.103495787605535e-10
3.252571571766543e-11
-4.435857263027033e-09
1.284982897548751e-09
4.686837410014975e-11
-4.465373632434107e-09
1.840665275813855e-09
5.939132668910999e-11
-4.497258670210938e-09
2.500418329372879e-09
7.131754959489631e-11
-4.518051505849067e-09
-2.509045121409658e-09
-5.630498976255369e-11
-4.530155463639192e-09
-1.850866382479816e-09
-4.604767207204253e-11
-4.509565779705088e-09
-1.293840575464465e-09
-3.58182248818027e-11
-4.477784881981107e-09
-8.166438556613688e-10
-2.468409131176783e-11
-4.448445431422002e-09
-3.943791703896104e-10
-1.260882932794753e-11
-4.428836316082465e-09
1.435355189924819e-18
-1.24322152845846e-20
-4.422042826737613e-09
3.943791731328396e-10
1.260882930429927e-11
-4.428836316077366e-09
8.166438580332092e-10
2.468409129127541e-11
-4.448445431414264e-09
1.293840577253867e-09
3.581822486638894e-11
-4.47778488196805e-09
1.850866383526894e-09
4.604767206323983e-11
-4.509565779691351e-09
2.509045121627264e-09
5.630498976090547e-11
-4.530155463632786e-09
-2.511855772462101e-09
-3.863903605679382e-11
-4.539309607678098e-09
-1.854830904257039e-09
-3.144321716882834e-11
-4.518675507568023e-09
-1.297647276976602e-09
-2.422678488123769e-11
-4.486689411524792e-09
-8.194802790933929e-10
-1.658565028548378e-11
-4.457133848713302e-09
-3.958690661377656e-10
-8.445440098152405e-12
-4.437392248915254e-09
1.902522878530115e-18
-3.506446157803264e-21
-4.430555434668058e-09
3.958690697738386e-10
8.445440091530958e-12
-4.437392248908546e-09
8.194802822371982e-10
1.65856502797279e-11
-4.457133848703151e-09
1.297647279348392e-09
2.422678487693393e-11
-4.486689411507625e-09
1.854830905644882e-09
3.144321716646693e-11
-4.518675507549986e-09
2.511855772750505e-09
3.863903605643324e-11
-4.539309607669679e-09
-2.5124788194014e-09
-1.95739124896701e-11
-4.5448169566485e-09
-1.856086323114499e-09
-1.592426916487722e-11
-4.524102088912657e-09
-1.299011297454503e-09
-1.221451010231765e-11
-4.49194441458924e-09
-8.205666008116166e-10
-8.326933419161404e-12
-4.462190557666572e-09
-3.96458089997326e-10
-4.230077193294272e-12
-4.442306602026663e-09
2.200441965750249e-18
-7.258432132571684e-21
-4.435420276830582e-09
3.96458094202777e-10
4.230077179464791e-12
-4.442306602018878e-09
8.205666044477143e-10
8.32693340718991e-12
-4.462190557654775e-09
1.29901130019769e-09
1.221451009331167e-11
-4.491944414569306e-09
1.856086324719655e-09
1.592426915970157e-11
-4.524102088891707e-09
2.512478819734955e-09
1.957391248868208e-11
-4.544816956638717e-09
-2.512539601810643e-09
2.239835969966722e-22
-4.546639100235384e-09
-1.85633893659903e-09
1.357813335566307e-21
-4.525889610853265e-09
-1.299326403518329e-09
2.054537250191387e-21
-4.493671112993726e-09
-8.208332382027462e-10
2.917064178166518e-21
-4.46384572503954e-09
-3.966070473172457e-10
3.290439615384575e-21
-4.443907976225279e-09
2.302676337318751e-18
3.50960876751908e-21
-4.437002228851767e-09
3.966070517180852e-10
3.418463474855445e-21
-4.443907976217113e-09
8.208332420077785e-10
2.889072542264389e-21
-4.463845725027167e-09
1.299326406388966e-09
2.335830635001215e-21
-4.493671112972818e-09
1.856338938278762e-09
1.227974918095318e-21
-4.525889610831283e-09
2.512539602159695e-09
3.450623051420406e-22
-4.546639100225127e-09
-2.512478819401398e-09
1.957391248913142e-11
-4.544816956648863e-09
-1.85608632311452e-09
1.592426916271743e-11
-4.524102088911444e-09
-1.299011297454507e-09
1.221451009814588e-11
-4.491944414591097e-09
-8.205666008116463e-10
8.326933413877033e-12
-4.462190557664098e-09
-3.964580899973489e-10
4.230077186941022e-12
-4.442306602029452e-09
2.200410392507184e-18
6.019009164913228e-22
-4.435420276827658e-09
3.964580942027394e-10
-4.230077185830626e-12
-4.442306602021687e-09
8.205666044476902e-10
-8.326933412893523e-12
-4.462190557652347e-09
1.299011300197653e-09
-1.221451009741266e-11
-4.491944414571229e-09
1.856086324719649e-09
-1.59242691623538e-11
-4.524102088890571e-09
2.512478819734942e-09
-1.957391248908512e-11
-4.544816956639118e-09
-2.511855772462096e-09
3.863903605723123e-11
-4.539309607678752e-09
-1.854830904257061e-09
3.144321717102104e-11
-4.518675507566161e-09
-1.297647276976585e-09
2.42267848847786e-11
-4.486689411527973e-09
-8.194802790934083e-10
1.658565029032757e-11
-4.457133848709307e-09
-3.95869066137765e-10
8.445440103716371e-12
-4.437392248919901e-09
1.902511711696288e-18
9.406230321582455e-21
-4.430555434663232e-09
3.95869069773816e-10
-8.445440085816425e-12
-4.437392248913147e-09
8.194802822371928e-10
-1.658565027480788e-11
-4.457133848699059e-09
1.297647279348356e-09
-2.422678487308662e-11
-4.486689411510677e-09
1.854830905644886e-09
-3.144321716430042e-11
-4.518675507547961e-09
2.511855772750485e-09
-3.863903605590113e-11
-4.539309607670268e-09
-2.509045121409658e-09
5.630498976229213e-11
-4.530155463639799e-09
-1.85086638247986e-09
4.604767207043524e-11
-4.509565779702941e-09
-1.293840575464484e-09
3.581822487912371e-11
-4.477784881984283e-09
-8.166438556614322e-10
2.468409130809041e-11
-4.448445431417702e-09
-3.943791703896657e-10
1.260882932369805e-11
-4.428836316087262e-09
1.435284421921574e-18
7.923368797884599e-21
-4.422042826732552e-09
3.943791731327591e-10
-1.260882930866419e-11
-4.428836316082238e-09
8.166438580331535e-10
-2.468409129503756e-11
-4.448445431410094e-09
1.29384057725379e-09
-3.581822486931127e-11
-4.477784881971415e-09
1.850866383526876e-09
-4.604767206488757e-11
-4.509565779689423e-09
2.509045121627235e-09
-5.630498976126201e-11
-4.530155463633484e-09
-2.500418329245585e-09
7.131754959647983e-11
-4.518051505853158e-09
-1.840665275201174e-09
5.939132669680882e-11
-4.497258670217249e-09
-1.284982896501682e-09
4.686837411413998e-11
-4.46537363244377e-09
-8.103495773727173e-10
3.252571573601362e-11
-4.43585726302845e-09
-3.911318917300022e-10
1.666823405614078e-11
-4.416106320004434e-09
8.398696137866704e-19
1.266956123238493e-20
-4.409258803361299e-09
3.911318933351472e-10
-1.666823403206032e-11
-4.416106320001507e-09
8.103495787605556e-10
-3.252571571512389e-11
-4.435857263024011e-09
1.284982897548727e-09
-4.686837409841695e-11
-4.465373632436287e-09
1.840665275813856e-09
-5.939132668782256e-11
-4.497258670209358e-09
2.500418329372857e-09
-7.131754959470898e-11
-4.518051505849478e-09
-2.477749123881926e-09
8.338638285028669e-11
-4.50571281025225e-09
-1.81869246195441e-09
7.198161992339807e-11
-4.483771605592369e-09
-1.267365030834927e-09
5.746984563099767e-11
-4.450221692694827e-09
-7.980652740242694e-10
4.011057310301519e-11
-4.419235081954527e-09
-3.848310541351627e-10
2.059313823386935e-11
-4.398531530541181e-09
1.745012747362207e-19
4.594410103125665e-21
-4.391363116510278e-09
3.848310544686659e-10
-2.05931382251399e-11
-4.398531530540671e-09
7.980652743126248e-10
-4.011057309543834e-11
-4.419235081953767e-09
1.267365031052482e-09
-5.746984562529034e-11
-4.450221692693523e-09
1.818692462081666e-09
-7.198161992015324e-11
-4.483771605590977e-09
2.477749123907666e-09
-8.338638284965577e-11
-4.505712810251592e-09
-2.531298619327292e-09
-5.177993006640555e-11
-5.206659089107226e-09
-1.898394887276044e-09
-4.496651753909552e-11
-5.191547076458426e-09
-1.344168563154571e-09
-3.568319498920581e-11
-5.1644845761167e-09
-8.55580268083659e-10
-2.469385196041336e-11
-5.138679424878643e-09
-4.150845643662524e-10
-1.259233679143778e-11
-5.121090383885673e-09
-1.550034628430247e-19
1.026029919703444e-20
-5.114925309798293e-09
4.150845640700235e-10
1.259233681111105e-11
-5.121090383886599e-09
8.555802678275005e-10
2.469385197738002e-11
-5.138679424880703e-09
1.344168562961246e-09
3.568319500199479e-11
-5.164484576119229e-09
1.898394887162884e-09
4.496651754640612e-11
-5.191547076461863e-09
2.531298619304351e-09
5.177993006771514e-11
-5.206659089108534e-09
-2.550881214393932e-09
-4.651740191728099e-11
-5.214830202712051e-09
-1.917512987789561e-09
-3.820117991530342e-11
-5.200780920643382e-09
-1.360039107026042e-09
-2.977717666135574e-11
-5.174897522039129e-09
-8.669831939196294e-10
-2.043262807351632e-11
-5.149909079025327e-09
-4.210520293726484e-10
-1.039075076809174e-11
-5.132766544937042e-09
-7.454871661987396e-19
2.778268197583501e-20
-5.126737381200651e-09
4.21052027947932e-10
1.039075082134555e-11
-5.132766544942404e-09
8.669831926876298e-10
2.043262811943639e-11
-5.149909079037054e-09
1.360039106096312e-09
2.977717669594346e-11
-5.174897522053749e-09
1.917512987245268e-09
3.820117993518841e-11
-5.20078092066253e-09
2.550881214280749e-09
4.651740192098691e-11
-5.214830202719621e-09
-2.560366266975725e-09
-3.834042310085125e-11
-5.22386022024553e-09
-1.928050060321364e-09
-3.062005635854466e-11
-5.210136456848759e-09
-1.369196079902855e-09
-2.339548096416891e-11
-5.184410055560452e-09
-8.735808418264508e-10
-1.591415982772269e-11
-5.159551870071034e-09
-4.244925078627896e-10
-8.062946985152243e-12
-5.142474530412121e-09
-1.273381274635002e-18
1.870989962559276e-20
-5.136464917416179e-09
4.244925054292025e-10
8.062947021038999e-12
-5.142474530421415e-09
8.735808397220455e-10
1.591415985865353e-11
-5.159551870091355e-09
1.369196078314787e-09
2.339548098745485e-11
-5.184410055585789e-09
1.928050059391697e-09
3.062005637185283e-11
-5.210136456881883e-09
2.560366266782369e-09
3.834042310319828e-11
-5.223860220258674e-09
-2.564638472215447e-09
-2.716902095381239e-11
-5.231168444919823e-09
-1.933183639801315e-09
-2.149591011284473e-11
-5.217560424653295e-09
-1.373899960330844e-09
-1.622558387429503e-11
-5.19179725661372e-09
-8.770498602670395e-10
-1.095402983677127e-11
-5.166851199787808e-09
-4.263135321786356e-10
-5.532145509771127e-12
-5.14971189359009e-09
-1.687472232141416e-18
1.872563902927385e-20
-5.14368012662962e-09
4.2631352895367e-10
5.532145545652041e-12
-5.149711893602491e-09
8.770498574782995e-10
1.09540298677264e-11
-5.166851199814921e-09
1.373899958226354e-09
1.622558389761725e-11
-5.191797256647542e-09
1.933183638569348e-09
2.149591012626197e-11
-5.217560424697489e-09
2.564638471959243e-09
2.716902095630033e-11
-5.231168444937357e-09
-2.566291061145372e-09
-1.404557940486759e-11
-5.235785295956435e-09
-1.935346203389844e-09
-1.108326652182997e-11
-5.222211870080716e-09
-1.375981100706963e-09
-8.320034528985784e-12
-5.196402925767178e-09
-8.786310424165343e-10
-5.591688322339334e-12
-5.17137087269751e-09
-4.271552367347028e-10
-2.817547163087682e-12
-5.154163770785085e-09
-1.951379031249815e-18
4.723300280129656e-21
-5.148107662183099e-09
4.271552330053798e-10
2.81754717216431e-12
-5.154163770799423e-09
8.786310391916588e-10
5.591688330154882e-12
-5.171370872728862e-09
1.375981098273346e-09
8.320034534873762e-12
-5.196402925806292e-09
1.935346201965203e-09
1.108326652516982e-11
-5.222211870131839e-09
2.566291060849096e-09
1.404557940542672e-11
-5.23578529597671e-09
-2.566701685685528e-09
2.012700986520893e-22
-5.237354204865906e-09
-1.935918493025771e-09
1.192774141132421e-21
-5.22378699310093e-09
-1.376552681435616e-09
1.797988837993309e-21
-5.197960444702044e-09
-8.790749094228029e-10
2.552630231561754e-21
-5.172896906540202e-09
-4.273942888834464e-10
2.87633282633857e-21
-5.155663883860534e-09
-2.042150881330734e-18
3.066975578294709e-21
-5.149598191391489e-09
4.273942849806474e-10
2.986940557302568e-21
-5.155663883875506e-09
8.790749060479166e-10
2.523192517925878e-21
-5.172896906572965e-09
1.376552678888796e-09
2.042652667413118e-21
-5.197960444742912e-09
1.935918491534859e-09
1.074067931431598e-21
-5.22378699315434e-09
2.566701685375468e-09
3.065584360756997e-22
-5.237354204887089e-09
-2.566291061145361e-09
1.404557940440847e-11
-5.235785295956756e-09
-1.935346203389883e-09
1.108326651995776e-11
-5.222211870079639e-09
-1.375981100706951e-09
8.320034525352752e-12
-5.196402925768819e-09
-8.786310424165714e-10
5.591688317738829e-12
-5.171370872695315e-09
-4.271552367347092e-10
2.817547157553436e-12
-5.154163770787551e-09
-1.951393243181532e-18
-1.052023168954295e-20
-5.148107662180505e-09
4.271552330053584e-10
-2.817547177705643e-12
-5.154163770801911e-09
8.786310391916705e-10
-5.591688335119723e-12
-5.171370872726713e-09
1.375981098273313e-09
-8.320034538436812e-12
-5.196402925807996e-09
1.93534620196523e-09
-1.108326652747417e-11
-5.222211870130834e-09
2.566291060849074e-09
-1.40455794057669e-11
-5.235785295977061e-09
-2.564638472215422e-09
2.716902095420624e-11
-5.231168444920404e-09
-1.933183639801354e-09
2.149591011477246e-11
-5.217560424651643e-09
-1.373899960330771e-09
1.622558387739744e-11
-5.191797256616539e-09
-8.77049860267028e-10
1.095402984101168e-11
-5.166851199784269e-09
-4.263135321785619e-10
5.532145514638006e-12
-5.14971189359421e-09
-1.687407564443154e-18
-1.356706230214701e-20
-5.143680126625345e-09
4.263135289537198e-10
-5.532145540656432e-12
-5.14971189360657e-09
8.770498574783931e-10
-1.095402986342583e-11
-5.166851199811292e-09
1.373899958226357e-09
-1.622558389425124e-11
-5.191797256650247e-09
1.933183638569424e-09
-2.149591012436392e-11
-5.217560424695697e-09
2.564638471959212e-09
-2.716902095582612e-11
-5.231168444937876e-09
-2.56036626697571e-09
3.834042310063602e-11
-5.22386022024607e-09
-1.928050060321447e-09
3.062005635715234e-11
-5.21013645684686e-09
-1.36919607990285e-09
2.339548096184227e-11
-5.184410055563262e-09
-8.735808418265353e-10
1.591415982452377e-11
-5.159551870067228e-09
-4.244925078628246e-10
8.062946981455363e-12
-5.142474530416374e-09
-1.273431814353238e-18
-2.26322434155135e-20
-5.136464917411695e-09
4.244925054291404e-10
-8.062947024835262e-12
-5.142474530425726e-09
8.735808397220422e-10
-1.591415986192292e-11
-5.159551870087653e-09
1.369196078314715e-09
-2.339548098999254e-11
-5.184410055588765e-09
1.928050059391729e-09
-3.062005637327804e-11
-5.210136456880174e-09
2.560366266782327e-09
-3.834042310349971e-11
-5.223860220259293e-09
-2.55088121439392e-09
4.651740191759448e-11
-5.214830202712503e-09
-1.917512987789582e-09
3.820117991610356e-11
-5.200780920642216e-09
-1.360039107025975e-09
2.9777176663046e-11
-5.174897522041228e-09
-8.669831939195972e-10
2.043262807550758e-11
-5.149909079022776e-09
-4.210520293725663e-10
1.039075077054989e-11
-5.132766544940056e-09
-7.454088698317926e-19
-2.523821123884147e-20
-5.126737381197534e-09
4.210520279479986e-10
-1.039075081893638e-11
-5.132766544945349e-09
8.669831926877215e-10
-2.043262811720667e-11
-5.149909079034372e-09
1.360039106096333e-09
-2.977717669442312e-11
-5.174897522055678e-09
1.917512987245327e-09
-3.820117993405269e-11
-5.200780920661137e-09
2.55088121428072e-09
-4.651740192081468e-11
-5.214830202719981e-09
-2.531298619327308e-09
5.177993006642798e-11
-5.206659089107308e-09
-1.898394887276082e-09
4.496651753877955e-11
-5.191547076458072e-09
-1.344168563154611e-09
3.568319498880727e-11
-5.164484576117084e-09
-8.555802680837155e-10
2.46938519597395e-11
-5.138679424878025e-09
-4.15084564366308e-10
1.259233679071559e-11
-5.121090383886298e-09
-1.550624998656808e-19
-1.105019044005067e-20
-5.114925309797596e-09
4.150845640699638e-10
-1.25923368118951e-11
-5.121090383887266e-09
8.555802678274533e-10
-2.469385197799793e-11
-5.138679424880154e-09
1.344168562961196e-09
-3.568319500255113e-11
-5.164484576119721e-09
1.898394887162855e-09
-4.496651754662561e-11
-5.191547076461631e-09
2.531298619304323e-09
-5.177993006782597e-11
-5.206659089108694e-09
-2.548234630340447e-09
-2.808360419407867e-11
-5.858751322631944e-09
-1.94386207568393e-09
-2.345622685863533e-11
-5.848381247872738e-09
-1.391335417046557e-09
-1.726793012029817e-11
-5.826568323303825e-09
-8.916039855826609e-10
-1.10624563469069e-11
-5.804959385023869e-09
-4.341690262267404e-10
-5.321577414989164e-12
-5.789755365964682e-09
1.219606420999656e-19
-1.656868755917245e-20
-5.784323086773478e-09
4.341690264598325e-10
5.321577383398044e-12
-5.78975536596309e-09
8.916039857842142e-10
1.106245631953633e-11
-5.804959385021166e-09
1.39133541719877e-09
1.726793009970369e-11
-5.826568323299619e-09
1.943862075773214e-09
2.345622684695808e-11
-5.84838124786787e-09
2.548234630358625e-09
2.808360419190194e-11
-5.858751322629747e-09
-2.564558363111413e-09
-2.705893173861129e-11
-5.864620636422052e-09
-1.959970936516611e-09
-2.093340924506412e-11
-5.854954065557252e-09
-1.405378218730434e-09
-1.523104258293028e-11
-5.833516562492257e-09
-9.020657059617421e-10
-9.766024347181485e-12
-5.811727318440845e-09
-4.397644144808373e-10
-4.728064217139126e-12
-5.796197039169924e-09
5.850218562769598e-19
-3.595954103075981e-20
-5.790615617161138e-09
4.39764415598928e-10
4.728064148589638e-12
-5.796197039161278e-09
9.020657069285851e-10
9.766024287775832e-12
-5.811727318425974e-09
1.405378219460623e-09
1.523104253828786e-11
-5.833516562469247e-09
1.959970936944852e-09
2.093340921976692e-11
-5.854954065531382e-09
2.564558363200667e-09
2.705893173395874e-11
-5.864620636410556e-09
-2.574573749665435e-09
-2.357034290081926e-11
-5.871504268194831e-09
-1.970352433127762e-09
-1.766744358036781e-11
-5.862098674055613e-09
-1.414372948990439e-09
-1.267443120220225e-11
-5.84071008195513e-09
-9.086260010659423e-10
-8.1554109314914e-12
-5.818894878300034e-09
-4.432181780811936e-10
-3.973142840948777e-12
-5.803290666592009e-09
9.976543457129405e-19
-3.399270086870249e-20
-5.797673555023793e-09
4.432181799879026e-10
3.973142776129203e-12
-5.803290666576737e-09
9.086260027147339e-10
8.155410875332441e-12
-5.818894878273683e-09
1.41437295023568e-09
1.267443115996745e-11
-5.840710081914437e-09
1.970352433858034e-09
1.766744355637938e-11
-5.862098674009838e-09
2.574573749817614e-09
2.35703428964939e-11
-5.871504268174492e-09
-2.580014172210769e-09
-1.73865872025245e-11
-5.877402437724018e-09
-1.976211778717204e-09
-1.290089469742028e-11
-5.868174737235467e-09
-1.419568134622886e-09
-9.193631956623197e-12
-5.846850954321177e-09
-9.124351423070717e-10
-5.921283783013423e-12
-5.825052321978617e-09
-4.452195589328185e-10
-2.897286522091709e-12
-5.809462094236525e-09
1.320850634953336e-18
-1.937368302597723e-20
-5.803849902725814e-09
4.452195614572164e-10
2.897286485171058e-12
-5.809462094216269e-09
9.1243514449e-10
5.921283751009667e-12
-5.825052321943668e-09
1.419568136271545e-09
9.193631932568971e-12
-5.846850954267201e-09
1.976211779684082e-09
1.290089468385135e-11
-5.868174737174735e-09
2.580014172412261e-09
1.738658720017338e-11
-5.877402437697063e-09
-2.582559338873715e-09
-9.212911181722267e-12
-5.881315336493608e-09
-1.979027000307707e-09
-6.812139196448578e-12
-5.872190701750682e-09
-1.422130166746703e-09
-4.84377871498779e-12
-5.850916866109434e-09
-9.14342054440524e-10
-3.120513227890556e-12
-5.829140441063403e-09
-4.462274435985152e-10
-1.529597493735445e-12
-5.813567184742193e-09
1.527532568094166e-18
-1.436304795631783e-20
-5.807962592772535e-09
4.462274465179221e-10
1.529597466342099e-12
-5.813567184718776e-09
9.14342056965028e-10
3.120513204167844e-12
-5.829140441023027e-09
1.422130168653336e-09
4.843778697146484e-12
-5.850916866047051e-09
1.97902700142588e-09
6.812139186282367e-12
-5.872190701680496e-09
2.58255933910674e-09
9.212911179870495e-12
-5.881315336462458e-09
-2.58328586433382e-09
1.620992066525357e-22
-5.882680337980097e-09
-1.979842327914273e-09
9.163082892279357e-22
-5.873589210363521e-09
-1.422885398329887e-09
1.374243075757471e-21
-5.852332399545624e-09
-9.149109142708782e-10
1.948082309380519e-21
-5.830564094073794e-09
-4.465298966299869e-10
2.192983370042614e-21
-5.814996614889838e-09
1.598466926447285e-18
2.337579620653157e-21
-5.809394280470067e-09
4.465298996849622e-10
2.27650695129225e-21
-5.814996614865299e-09
9.149109169126125e-10
1.923034889628595e-21
-5.830564094031465e-09
1.422885400325059e-09
1.558810187407875e-21
-5.852332399480245e-09
1.979842329084369e-09
8.214188858146128e-22
-5.873589210289951e-09
2.583285864577661e-09
2.4141824448648e-22
-5.882680337947449e-09
-2.582559338873695e-09
9.212911181391819e-12
-5.881315336493855e-09
-1.979027000307767e-09
6.812139195045417e-12
-5.872190701749852e-09
-1.42213016674669e-09
4.843778712244282e-12
-5.850916866110695e-09
-9.143420544405921e-10
3.120513224414414e-12
-5.829140441061722e-09
-4.462274435985462e-10
1.529597489549586e-12
-5.813567184744092e-09
1.527481291344482e-18
9.979185774517953e-21
-5.807962592770545e-09
4.462274465178546e-10
-1.529597470530528e-12
-5.81356718472069e-09
9.143420569650099e-10
-3.120513207919657e-12
-5.829140441021377e-09
1.422130168653257e-09
-4.843778699832968e-12
-5.850916866048363e-09
1.9790270014259e-09
-6.812139188017251e-12
-5.872190701679721e-09
2.582559339106706e-09
-9.212911180111494e-12
-5.881315336462723e-09
-2.580014172210729e-09
1.738658720284256e-11
-5.877402437724465e-09
-1.976211778717263e-09
1.290089469890375e-11
-5.868174737234192e-09
-1.419568134622789e-09
9.193631958997732e-12
-5.846850954323344e-09
-9.124351423070822e-10
5.921283786252998e-12
-5.825052321975889e-09
-4.452195589327506e-10
2.897286525805966e-12
-5.809462094239689e-09
1.320891793264288e-18
2.330857233444104e-20
-5.803849902722526e-09
4.452195614572269e-10
-2.897286481361055e-12
-5.809462094219401e-09
9.12435144490076e-10
-5.921283747729029e-12
-5.825052321940882e-09
1.419568136271492e-09
-9.193631929998176e-12
-5.846850954269279e-09
1.976211779684161e-09
-1.290089468239685e-11
-5.868174737173353e-09
2.58001417241221e-09
-1.738658719979705e-11
-5.877402437697463e-09
-2.574573749665404e-09
2.357034290067456e-11
-5.871504268195243e-09
-1.970352433127885e-09
1.766744357932593e-11
-5.862098674054151e-09
-1.414372948990442e-09
1.267443120044997e-11
-5.840710081957289e-09
-9.086260010660934e-10
8.155410929075319e-12
-5.818894878297107e-09
-4.432181780812854e-10
3.973142838154828e-12
-5.803290666595281e-09
9.975256105294891e-19
3.102727528819728e-20
-5.797673555020349e-09
4.432181799877475e-10
-3.9731427789985e-12
-5.803290666580051e-09
9.086260027146688e-10
-8.155410877801256e-12
-5.818894878270837e-09
1.414372950235515e-09
-1.267443116188097e-11
-5.840710081916723e-09
1.970352433858052e-09
-1.766744355744731e-11
-5.86209867400852e-09
2.574573749817543e-09
-2.357034289670677e-11
-5.871504268174965e-09
-2.56455836311139e-09
2.70589317388689e-11
-5.8646206364224e-09
-1.959970936516643e-09
2.093340924568837e-11
-5.854954065556352e-09
-1.405378218730341e-09
1.523104258423353e-11
-5.833516562493868e-09
-9.020657059617152e-10
9.766024348711831e-12
-5.811727318438883e-09
-4.397644144807478e-10
4.728064219024294e-12
-5.796197039172237e-09
5.85095152625358e-19
3.790905418895189e-20
-5.790615617158741e-09
4.397644155989773e-10
-4.728064146744417e-12
-5.796197039163543e-09
9.020657069286743e-10
-9.766024286066821e-12
-5.811727318423915e-09
1.405378219460612e-09
-1.523104253711969e-11
-5.833516562470727e-09
1.959970936944917e-09
-2.093340921888881e-11
-5.854954065530306e-09
2.564558363200624e-09
-2.705893173381288e-11
-5.864620636410835e-09
-2.54823463034046e-09
2.808360419411282e-11
-5.858751322632006e-09
-1.943862075683979e-09
2.345622685841082e-11
-5.848381247872465e-09
-1.391335417046605e-09
1.726793012001185e-11
-5.826568323304123e-09
-8.916039855827395e-10
1.106245634640995e-11
-5.804959385023387e-09
-4.341690262268189e-10
5.321577414455844e-12
-5.789755365965164e-09
1.218741541145049e-19
1.598354824127332e-20
-5.784323086772944e-09
4.341690264597444e-10
-5.321577383979401e-12
-5.789755365963603e-09
8.916039857841445e-10
-1.106245631999159e-11
-5.804959385020748e-09
1.391335417198699e-09
-1.726793010011291e-11
-5.826568323299997e-09
1.943862075773178e-09
-2.345622684711005e-11
-5.848381247867684e-09
2.548234630358591e-09
-2.808360419197324e-11
-5.858751322629869e-09
-2.547565411206047e-09
-1.135749436640214e-11
-6.464016573757509e-09
-1.965103093049652e-09
-6.327844304549198e-12
-6.454927242740941e-09
-1.414957747864328e-09
-1.215368176746514e-12
-6.433198383494709e-09
-9.099119344044014e-10
1.483311726294797e-12
-6.409280683597754e-09
-4.439267572692632e-10
1.555970065957401e-12
-6.391214557000338e-09
-7.971284444006758e-20
1.737585573568595e-20
-6.384532957670423e-09
4.439267571168981e-10
-1.555970032690379e-12
-6.391214557001785e-09
9.099119342726438e-10
-1.48331169758578e-12
-6.409280683600827e-09
1.414957747764841e-09
1.215368198536406e-12
-6.433198383498435e-09
1.965103092990915e-09
6.327844316936044e-12
-6.454927242746517e-09
2.547565411193779e-09
1.135749436839959e-11
-6.464016573759476e-09
-2.56177230395788e-09
-1.232965162554359e-11
-6.46946442159994e-09
-1.979266454049798e-09
-7.039992922106955e-12
-6.460480084412898e-09
-1.427933661361658e-09
-2.838968408821652e-12
-6.438019722567598e-09
-9.199058705786594e-10
-3.145732600286625e-13
-6.412623687574079e-09
-4.493670076776569e-10
3.989093987832133e-13
-6.393262202570878e-09
-3.736755602692573e-19
4.76050066434752e-20
-6.386080134626601e-09
4.493670069633871e-10
-3.989093076703147e-13
-6.393262202580092e-09
9.199058699609825e-10
3.145733386772404e-13
-6.412623687593065e-09
1.427933660895104e-09
2.838968468384104e-12
-6.438019722591601e-09
1.979266453774024e-09
7.039992956028264e-12
-6.460480084446454e-09
2.561772303899107e-09
1.232965163126828e-11
-6.469464421612415e-09
-2.572215257856801e-09
-1.195552180045043e-11
-6.475269617396077e-09
-1.989492510425797e-09
-7.109004750554787e-12
-6.466414136177704e-09
-1.436806780050443e-09
-3.658881800399192e-12
-6.443951856392707e-09
-9.264566015063932e-10
-1.468229176290408e-12
-6.418515413678823e-09
-4.528462749732163e-10
-3.945094723555551e-13
-6.399061769024926e-09
-6.317582648763747e-19
3.295158844567469e-20
-6.391834380344344e-09
4.528462737656222e-10
3.945095354428559e-13
-6.399061769041107e-09
9.26456600462104e-10
1.468229230728461e-12
-6.418515413712081e-09
1.436806779261611e-09
3.658881841687045e-12
-6.443951856434883e-09
1.989492509959356e-09
7.109004774000477e-12
-6.466414136236574e-09
2.572215257757276e-09
1.195552180411982e-11
-6.475269617418002e-09
-2.57850863412695e-09
-9.561362779018147e-12
-6.480452687589257e-09
-1.995771610004846e-09
-5.830545389883746e-12
-6.471816193464875e-09
-1.442279916597626e-09
-3.299015254696372e-12
-6.449554697704214e-09
-9.304623984076024e-10
-1.637547541332811e-12
-6.424337674177288e-09
-4.549545575407006e-10
-6.317014613990334e-13
-6.405064141421444e-09
-8.364662927765372e-19
2.766687411557355e-20
-6.397903681712696e-09
4.549545559418089e-10
6.317015143559842e-13
-6.405064141442814e-09
9.304623970249307e-10
1.637547587040662e-12
-6.424337674221238e-09
1.442279915553183e-09
3.299015289330618e-12
-6.449554697759914e-09
1.99577160938723e-09
5.830545409657606e-12
-6.471816193542706e-09
2.578508633995128e-09
9.561362782317213e-12
-6.480452687618189e-09
-2.581692673257099e-09
-5.316404001037558e-12
-6.484026478384266e-09
-1.998980143535225e-09
-3.284727803238836e-12
-6.475556727336978e-09
-1.445122521836488e-09
-1.930868220822476e-12
-6.453451210125501e-09
-9.325597263439427e-10
-1.026332585808374e-12
-6.428399168441748e-09
-4.560600785683307e-10
-4.300111931189868e-13
-6.409261065460548e-09
-9.67181824406905e-19
1.171286917240198e-20
-6.402153428299737e-09
4.560600767195784e-10
4.30011215548015e-13
-6.409261065485299e-09
9.325597247451976e-10
1.026332605164175e-12
-6.428399168492649e-09
1.445122520628827e-09
1.930868235510179e-12
-6.453451210190006e-09
1.99898014282109e-09
3.284727811579352e-12
-6.475556727427087e-09
2.581692673104667e-09
5.316404002355542e-12
-6.484026478417778e-09
-2.58264520290492e-09
1.076014052795533e-22
-6.485295052659401e-09
-1.999944726136618e-09
5.506744710622769e-22
-6.476886766824291e-09
-1.445986224549266e-09
8.209883065096791e-22
-6.454836752767199e-09
-9.332026082552069e-10
1.156655389049137e-21
-6.429841188281213e-09
-4.564005359412973e-10
1.300479733695856e-21
-6.410749012844823e-09
-1.01201568988969e-18
1.384383929040243e-21
-6.40365891592469e-09
4.564005340068455e-10
1.347790202734131e-21
-6.410749012870688e-09
9.33202606582351e-10
1.140140102051411e-21
-6.429841188334409e-09
1.445986223285622e-09
9.245961755805322e-22
-6.45483675283462e-09
1.999944725389371e-09
4.925387537393999e-22
-6.476886766918491e-09
2.582645202745416e-09
1.513836097450822e-22
-6.485295052694418e-09
-2.581692673257075e-09
5.316404000867532e-12
-6.48402647838442e-09
-1.998980143535307e-09
3.284727802438316e-12
-6.475556727336478e-09
-1.445122521836465e-09
1.930868219235477e-12
-6.453451210126249e-09
-9.325597263440163e-10
1.026332583787594e-12
-6.428399168440753e-09
-4.560600785683514e-10
4.300111906816981e-13
-6.409261065461673e-09
-9.672224940503638e-19
-1.426745432889162e-20
-6.40215342829855e-09
4.560600767195208e-10
-4.300112179884946e-13
-6.409261065486432e-09
9.325597247452032e-10
-1.026332607347733e-12
-6.428399168491667e-09
1.44512252062875e-09
-1.930868237070163e-12
-6.45345121019078e-09
1.998980142821138e-09
-3.284727812578706e-12
-6.475556727426624e-09
2.581692673104631e-09
-5.316404002478101e-12
-6.484026478417938e-09
-2.578508634126903e-09
9.561362779230353e-12
-6.480452687589521e-09
-1.995771610004926e-09
5.830545390781629e-12
-6.471816193464104e-09
-1.442279916597493e-09
3.299015256118645e-12
-6.449554697705494e-09
-9.304623984075978e-10
1.637547543261915e-12
-6.42433767417567e-09
-4.549545575405873e-10
6.317014636066245e-13
-6.405064141423316e-09
-8.363781534568961e-19
-2.533053086095214e-20
-6.397903681710748e-09
4.54954555941864e-10
-6.317015120939706e-13
-6.405064141444666e-09
9.304623970250689e-10
-1.63754758509088e-12
-6.424337674219589e-09
1.442279915553155e-09
-3.299015287799826e-12
-6.449554697761153e-09
1.995771609387366e-09
-5.830545408782808e-12
-6.471816193541876e-09
2.578508633995076e-09
-9.561362782077754e-12
-6.480452687618431e-09
-2.572215257856765e-09
1.1955521800391e-11
-6.475269617396325e-09
-1.989492510425953e-09
7.109004749967063e-12
-6.46641413617683e-09
-1.436806780050432e-09
3.658881799391388e-12
-6.443951856393989e-09
-9.264566015065567e-10
1.468229174891904e-12
-6.418515413677083e-09
-4.528462749732938e-10
3.945094707335898e-13
-6.39906176902686e-09
-6.318727912722599e-19
-3.467450529144971e-20
-6.391834380342304e-09
4.528462737654797e-10
-3.94509537109326e-13
-6.39906176904306e-09
9.264566004620743e-10
-1.46822923216026e-12
-6.418515413710391e-09
1.436806779261449e-09
-3.65888184279212e-12
-6.443951856436239e-09
1.989492509959419e-09
-7.109004774609686e-12
-6.466414136235778e-09
2.572215257757206e-09
-1.195552180422712e-11
-6.475269617418281e-09
-2.561772303957848e-09
1.232965162572142e-11
-6.469464421600143e-09
-1.979266454049835e-09
7.039992922505692e-12
-6.460480084412353e-09
-1.427933661361523e-09
2.838968409619368e-12
-6.438019722568552e-09
-9.199058705785982e-10
3.145732609634701e-13
-6.412623687572913e-09
-4.493670076775078e-10
-3.989093976393553e-13
-6.393262202572249e-09
-3.735404447816158e-19
-4.642245632710203e-20
-6.386080134625179e-09
4.493670069634957e-10
3.989093087908364e-13
-6.393262202581433e-09
9.199058699611402e-10
-3.145733376403287e-13
-6.412623687591838e-09
1.427933660895128e-09
-2.83896846766753e-12
-6.438019722592481e-09
1.979266453774141e-09
-7.039992955489337e-12
-6.46048008444581e-09
2.561772303899065e-09
-1.232965163116427e-11
-6.46946442161258e-09
-2.547565411206063e-09
1.135749436644878e-11
-6.464016573757542e-09
-1.965103093049709e-09
6.327844304441706e-12
-6.454927242740775e-09
-1.414957747864377e-09
1.21536817659878e-12
-6.433198383494885e-09
-9.099119344044859e-10
-1.483311726567669e-12
-6.409280683597464e-09
-4.439267572693435e-10
-1.555970066253697e-12
-6.391214557000621e-09
-7.980166572647914e-20
-1.770308380931391e-20
-6.3845329576701e-09
4.439267571168072e-10
1.555970032365427e-12
-6.391214557002089e-09
9.09911934272575e-10
1.483311697334126e-12
-6.409280683600571e-09
1.414957747764767e-09
-1.215368198760262e-12
-6.433198383498651e-09
1.965103092990883e-09
-6.327844317008734e-12
-6.454927242746402e-09
2.547565411193745e-09
-1.135749436842384e-11
-6.464016573759547e-09
-2.546119657661975e-09
2.598643546808479e-12
-7.042133959318345e-09
-1.972967990951823e-09
8.836421103496537e-12
-7.026288652103331e-09
-1.425302567864143e-09
1.390073732175796e-11
-6.986474480254532e-09
-9.185827862521733e-10
1.364742891652072e-11
-6.93997608028225e-09
-4.48777114654507e-10
8.300567539266564e-12
-6.904348725672093e-09
3.634749004556739e-20
-1.54037491729204e-20
-6.891152246107614e-09
4.487771147239644e-10
-8.30056756869184e-12
-6.90434872567072e-09
9.18582786312259e-10
-1.364742894197953e-11
-6.939976080279702e-09
1.42530256790951e-09
-1.390073734093149e-11
-6.986474480250836e-09
1.972967990978754e-09
-8.836421114737992e-12
-7.026288652099191e-09
2.546119657669307e-09
-2.598643549393137e-12
-7.042133959315717e-09
-2.559687557219649e-09
5.374609990104531e-14
-7.047897256664916e-09
-1.986603833865982e-09
5.114969758218359e-12
-7.031895514356569e-09
-1.438185659562881e-09
8.258231004900046e-12
-6.991060661562476e-09
-9.286992896456469e-10
8.266787735090877e-12
-6.9427722357376e-09
-4.543306801538617e-10
5.081140613565919e-12
-6.905626471709812e-09
1.268477240494209e-19
-2.381454821669309e-20
-6.891852036994596e-09
4.543306803962435e-10
-5.0811406590499e-12
-6.905626471703868e-09
9.28699289855354e-10
-8.26678777445979e-12
-6.942772235726595e-09
1.438185659721265e-09
-8.258231034540321e-12
-6.991060661546522e-09
1.9866038339606e-09
-5.114969775657132e-12
-7.031895514339001e-09
2.559687557246558e-09
-5.374610396855842e-14
-7.047897256653658e-09
-2.570362371309437e-09
-2.568310118825598e-12
-7.053601600818608e-09
-1.996850644462825e-09
1.774813276159935e-12
-7.037840779850724e-09
-1.447163883256621e-09
4.037865942694076e-12
-6.997552880819434e-09
-9.35403677511832e-10
4.273562172875602e-12
-6.949885149793259e-09
-4.579192157064357e-10
2.683162617415259e-12
-6.913116051346994e-09
2.121493204153315e-19
-2.197421554263762e-20
-6.899460597205192e-09
4.579192161118098e-10
-2.683162659386825e-12
-6.913116051336852e-09
9.354036778625663e-10
-4.273562209198884e-12
-6.949885149774496e-09
1.447163883521537e-09
-4.03786597003306e-12
-6.99755288079224e-09
1.996850644621252e-09
-1.774813292186481e-12
-7.03784077982089e-09
2.570362371354775e-09
2.568310115159421e-12
-7.053601600799433e-09
-2.577141554486474e-09
-3.579459762441952e-12
-7.058751572037374e-09
-2.003378152872152e-09
-2.007049142775802e-13
-7.043398429418142e-09
-1.452824278377742e-09
1.49418855899972e-12
-7.003706945236367e-09
-9.395583009273986e-10
1.876752339617053e-12
-6.956681810038359e-09
-4.601127228843562e-10
1.230632664016925e-12
-6.920394547179915e-09
2.808151296194589e-19
-1.481593580128142e-20
-6.906912895165472e-09
4.60112723420937e-10
-1.230632692314289e-12
-6.920394547166455e-09
9.395583013916566e-10
-1.876752364106984e-12
-6.95668181001345e-09
1.452824278728407e-09
-1.494188577429627e-12
-7.003706945200266e-09
2.003378153081874e-09
2.007049034821552e-13
-7.043398429378554e-09
2.577141554546512e-09
3.579459759983112e-12
-7.05875157201194e-09
-2.580701350110111e-09
-2.461863153361655e-12
-7.062311582512885e-09
-2.006814319727247e-09
-6.001513726302765e-13
-7.047262247374938e-09
-1.455827393614589e-09
3.443555669505219e-13
-7.007959288774649e-09
-9.417684627934724e-10
6.322379275582117e-13
-6.961341202964016e-09
-4.612785250959405e-10
4.452722860963836e-13
-6.925357644709236e-09
3.245944231610857e-19
-8.373031789418497e-21
-6.911988152837555e-09
4.612785257161746e-10
-4.452723020876419e-13
-6.92535764469368e-09
9.417684633301077e-10
-6.322379413928164e-13
-6.961341202935238e-09
1.455827394019923e-09
-3.443555773574299e-13
-7.007959288732932e-09
2.006814319969669e-09
6.001513665432845e-13
-7.047262247329194e-09
2.580701350179516e-09
2.461863152002082e-12
-7.06231158248349e-09
-2.581790743089761e-09
4.666107862341183e-23
-7.063575979588212e-09
-2.007867595263259e-09
1.378511504233661e-22
-7.048636225615298e-09
-1.456753422788814e-09
1.96407654239676e-22
-7.009464057375056e-09
-9.424535376824004e-10
2.644694710916659e-22
-6.962980373742832e-09
-4.61640795879691e-10
2.949910471706933e-22
-6.927096983983122e-09
3.397248558314965e-19
3.118007836511135e-22
-6.913764129210578e-09
4.616407965288359e-10
3.034408189940759e-22
-6.927096983966836e-09
9.424535382440495e-10
2.602051539290945e-22
-6.962980373712705e-09
1.456753423213041e-09
2.126225240635184e-22
-7.009464057331388e-09
2.00786759551698e-09
1.236749267613714e-22
-7.048636225567405e-09
2.581790743162396e-09
4.97037112008135e-23
-7.06357597955744e-09
-2.580701350110096e-09
2.461863153376855e-12
-7.062311582512929e-09
-2.006814319727283e-09
6.001513725097207e-13
-7.047262247374829e-09
-1.455827393614581e-09
-3.443555672317263e-13
-7.007959288774807e-09
-9.417684627935082e-10
-6.322379279333605e-13
-6.961341202963805e-09
-4.612785250959555e-10
-4.452722865579863e-13
-6.92535764470947e-09
3.245692094639931e-19
7.885984336634371e-21
-6.911988152837305e-09
4.612785257161411e-10
4.452723016228428e-13
-6.925357644693917e-09
9.417684633301013e-10
6.322379409817399e-13
-6.961341202935033e-09
1.455827394019882e-09
3.443555770715877e-13
-7.007959288733096e-09
2.006814319969683e-09
-6.001513667101341e-13
-7.047262247329094e-09
2.580701350179491e-09
-2.461863151990957e-12
-7.062311582483538e-09
-2.577141554486446e-09
3.579459762535468e-12
-7.058751572037449e-09
-2.003378152872185e-09
2.007049145134345e-13
-7.043398429417973e-09
-1.452824278377692e-09
-1.49418855865361e-12
-7.003706945236634e-09
-9.395583009274062e-10
-1.876752339167686e-12
-6.95668181003801e-09
-4.601127228843197e-10
-1.230632663509884e-12
-6.920394547180306e-09
2.808386557722138e-19
1.534929017041681e-20
-6.906912895165064e-09
4.601127234209447e-10
1.230632692830614e-12
-6.920394547166843e-09
9.39558301391699e-10
1.876752364557238e-12
-6.956681810013103e-09
1.45282427872838e-09
1.494188577789668e-12
-7.003706945200525e-09
2.003378153081916e-09
-2.007049032599392e-13
-7.043398429378374e-09
2.577141554546474e-09
-3.579459759899112e-12
-7.058751572012008e-09
-2.570362371309416e-09
2.568310118865708e-12
-7.053601600818675e-09
-1.996850644462894e-09
-1.774813276231751e-12
-7.037840779850533e-09
-1.447163883256624e-09
-4.037865942856886e-12
-6.997552880819697e-09
-9.354036775119118e-10
-4.273562173120532e-12
-6.94988514979289e-09
-4.579192157064832e-10
-2.683162617708896e-12
-6.913116051347392e-09
2.120833302063157e-19
2.165904429343815e-20
-6.899460597204759e-09
4.579192161117309e-10
2.68316265908252e-12
-6.913116051337258e-09
9.354036778625346e-10
4.273562208941633e-12
-6.949885149774133e-09
1.447163883521451e-09
4.037865969843e-12
-6.997552880792516e-09
1.996850644621262e-09
1.77481329209595e-12
-7.037840779820714e-09
2.570362371354725e-09
-2.568310115145931e-12
-7.053601600799508e-09
-2.559687557219636e-09
-5.374609981033888e-14
-7.047897256664968e-09
-1.986603833866006e-09
-5.114969758081043e-12
-7.031895514356437e-09
-1.438185659562836e-09
-8.258231004682095e-12
-6.991060661562669e-09
-9.286992896456378e-10
-8.266787734842934e-12
-6.942772235737351e-09
-4.54330680153818e-10
-5.081140613275628e-12
-6.905626471710092e-09
1.268832542526421e-19
2.411251888003069e-20
-6.891852036994289e-09
4.543306803962667e-10
5.081140659333901e-12
-6.905626471704141e-09
9.286992898553987e-10
8.266787774722257e-12
-6.942772235726337e-09
1.438185659721255e-09
8.258231034734568e-12
-6.991060661546701e-09
1.986603833960631e-09
5.114969775806726e-12
-7.03189551433886e-09
2.559687557246521e-09
5.374610402479768e-14
-7.047897256653703e-09
-2.54611965766199e-09
-2.598643546750326e-12
-7.042133959318347e-09
-1.972967990951863e-09
-8.836421103478961e-12
-7.026288652103292e-09
-1.425302567864184e-09
-1.390073732175929e-11
-6.986474480254561e-09
-9.185827862522322e-10
-1.364742891655465e-11
-6.939976080282185e-09
-4.487771146545669e-10
-8.30056753931102e-12
-6.904348725672144e-09
3.628148554904356e-20
1.535076552041801e-20
-6.891152246107536e-09
4.487771147238981e-10
8.300567568639232e-12
-6.90434872567077e-09
9.185827863122036e-10
1.364742894194339e-11
-6.939976080279645e-09
1.425302567909456e-09
1.390073734090636e-11
-6.986474480250876e-09
1.972967990978723e-09
8.836421114748049e-12
-7.026288652099162e-09
2.546119657669279e-09
2.598643549420479e-12
-7.04213395931573e-09

