1.875218157427143e-10
1.4686884082347826e-10
8.964062073800163e-11
1.244590914242241e-10
5.573805118554818e-11
1.234730616508094e-10
3.267492155575873e-11
1.251409049257952e-10
1.532685245280939e-11
1.2655355714432913e-10
3.796409198015044e-26
1.2707906642532894e-10
-1.5326852452809313e-11
1.2655355714432918e-10
-3.2674921555758684e-11
1.2514090492579525e-10
-5.573805118554804e-11
1.2347306165080946e-10
-8.964062073800153e-11
1.244590914242242e-10
-1.8752181574271406e-10
1.4686884082347844e-10
2.994602763016706e-10
2.971983227065272e-10
1.7843625034409393e-10
2.8102690856054707e-10
1.0801083996051085e-10
2.6974854008811607e-10
6.396287573677586e-11
2.6687052078647347e-10
2.9877784186105594e-11
2.663633360009476e-10
6.81112549055686e-26
2.6636031486949887e-10
-2.987778418610549e-11
2.663633360009477e-10
-6.396287573677571e-11
2.668705207864737e-10
-1.0801083996051062e-10
2.697485400881162e-10
-1.784362503440937e-10
2.8102690856054717e-10
-2.9946027630167044e-10
2.9719832270652734e-10
3.760577313566482e-10
4.510357605726191e-10
2.4647738998103685e-10
4.376729487371059e-10
1.5682780515843206e-10
4.2625225802082474e-10
9.331714086559616e-11
4.1910101354456083e-10
4.382731973216277e-11
4.159939568307683e-10
8.542245235493748e-26
4.151284001221141e-10
-4.382731973216261e-11
4.1599395683076826e-10
-9.331714086559596e-11
4.191010135445609e-10
-1.568278051584319e-10
4.262522580208249e-10
-2.4647738998103664e-10
4.3767294873710614e-10
-3.7605773135664777e-10
4.5103576057261925e-10
4.28939622689808e-10
6.030052670421263e-10
2.967512596596085e-10
5.931164179706452e-10
1.965936029283029e-10
5.826017243431259e-10
1.1951979837770115e-10
5.746047362184758e-10
5.6527188204964334e-11
5.699453451686465e-10
9.564099170033756e-26
5.68485291780349e-10
-5.652718820496402e-11
5.699453451686467e-10
-1.1951979837770084e-10
5.746047362184758e-10
-1.9659360292830258e-10
5.826017243431258e-10
-2.967512596596081e-10
5.931164179706455e-10
-4.2893962268980754e-10
6.030052670421268e-10
4.6361882721863673e-10
7.513689477373105e-10
3.3250174164308607e-10
7.441993774673371e-10
2.2699254947275492e-10
7.353670192320732e-10
1.4080873167041758e-10
7.277669401982507e-10
6.730614996544798e-11
7.229133082771505e-10
1.3444763460178124e-25
7.212649409297038e-10
-6.730614996544771e-11
7.229133082771504e-10
-1.4080873167041732e-10
7.277669401982508e-10
-2.269925494727545e-10
7.353670192320732e-10
-3.3250174164308565e-10
7.441993774673375e-10
-4.636188272186361e-10
7.513689477373105e-10
4.840683143020611e-10
8.936532235687415e-10
3.565845256865181e-10
8.887576379950972e-10
2.4892041145065706e-10
8.816189066305858e-10
1.5688890417910797e-10
8.750690164112451e-10
7.568188741880712e-11
8.706832351706169e-10
1.9264746648128435e-25
8.691625657874941e-10
-7.568188741880683e-11
8.706832351706164e-10
-1.568889041791077e-10
8.75069016411245e-10
-2.4892041145065665e-10
8.816189066305858e-10
-3.5658452568651753e-10
8.887576379950972e-10
-4.840683143020604e-10
8.936532235687415e-10
4.938016767387848e-10
1.027961830403993e-09
3.7157736483597497e-10
1.0247886279208863e-09
2.6367040653813255e-10
1.0191992965727485e-09
1.6808079163071635e-10
1.0138509268039687e-09
8.161606297332094e-11
1.0101896994598075e-09
1.999910480276222e-25
1.008901615389059e-09
-8.161606297332059e-11
1.010189699459808e-09
-1.680807916307162e-10
1.0138509268039687e-09
-2.6367040653813204e-10
1.0191992965727485e-09
-3.715773648359743e-10
1.0247886279208863e-09
-4.938016767387838e-10
1.0279618304039933e-09
4.964615228405275e-10
1.1531189630820677e-09
3.7989469855199296e-10
1.1510720898328126e-09
2.725743712957789e-10
1.1466418712936356e-09
1.7499935436801885e-10
1.1421898510012412e-09
8.531820923607694e-11
1.1390291808200055e-09
1.4217189037408465e-25
1.1378948615977616e-09
-8.531820923607656e-11
1.1390291808200055e-09
-1.749993543680184e-10
1.1421898510012417e-09
-2.725743712957785e-10
1.1466418712936356e-09
-3.798946985519924e-10
1.1510720898328126e-09
-4.964615228405268e-10
1.1531189630820677e-09
4.960130688964014e-10
1.2696209551990918e-09
3.8373729116204104e-10
1.2678714284293286e-09
2.7705853421648497e-10
1.2635063325748982e-09
1.7857108384930852e-10
1.2586021700910425e-09
8.725215679357027e-11
1.2548599059102192e-09
9.748631351900664e-26
1.2534694840834265e-09
-8.725215679356991e-11
1.2548599059102195e-09
-1.7857108384930803e-10
1.2586021700910427e-09
-2.7705853421648445e-10
1.263506332574898e-09
-3.8373729116204037e-10
1.2678714284293286e-09
-4.960130688964007e-10
1.269620955199092e-09
4.957101998326983e-10
1.3811978242609107e-09
3.853222978427322e-10
1.3782356629893425e-09
2.793070355918454e-10
1.3705351666176542e-09
1.8052462656518848e-10
1.361356028149349e-09
8.836805612150079e-11
1.3542698280457827e-09
8.842019930267692e-26
1.3516382710823595e-09
-8.836805612150054e-11
1.3542698280457827e-09
-1.8052462656518804e-10
1.361356028149349e-09
-2.7930703559184485e-10
1.3705351666176542e-09
-3.853222978427314e-10
1.3782356629893421e-09
-4.957101998326978e-10
1.3811978242609107e-09

