1.8753005456718003e-10
1.468739604948112e-10
8.964516632852483e-11
1.2446309735154517e-10
5.574103201524125e-11
1.2347684840519185e-10
3.267673705296488e-11
1.251447075553923e-10
1.5327718559282944e-11
1.2655734185359141e-10
3.796677437833088e-26
1.270829016241124e-10
-1.5327718559282866e-11
1.2655734185359147e-10
-3.2676737052964834e-11
1.2514470755539236e-10
-5.5741032015241114e-11
1.234768484051919e-10
-8.964516632852473e-11
1.2446309735154527e-10
-1.875300545671798e-10
1.4687396049481137e-10
2.994743743388208e-10
2.972089738568072e-10
1.7844537110594667e-10
2.81036692349906e-10
1.0801670615671834e-10
2.697576899693379e-10
6.396646474369795e-11
2.668795200185549e-10
2.9879491085164074e-11
2.6637219543518927e-10
6.81162000040269e-26
2.663692365857376e-10
-2.987949108516397e-11
2.663721954351894e-10
-6.39664647436978e-11
2.668795200185551e-10
-1.0801670615671811e-10
2.6975768996933807e-10
-1.7844537110594644e-10
2.810366923499061e-10
-2.9947437433882063e-10
2.972089738568074e-10
3.7607650574268623e-10
4.5105274851946944e-10
2.4649032667144405e-10
4.376891674501921e-10
1.5683640371594307e-10
4.262678281700606e-10
9.332241408692686e-11
4.191163026138223e-10
4.3829835579448014e-11
4.1600898135613423e-10
8.542874349411345e-26
4.151434839105074e-10
-4.382983557944785e-11
4.160089813561342e-10
-9.332241408692667e-11
4.1911630261382234e-10
-1.568364037159429e-10
4.2626782817006076e-10
-2.4649032667144384e-10
4.376891674501924e-10
-3.760765057426858e-10
4.510527485194696e-10
4.2896212777372074e-10
6.030291495972487e-10
2.9676731222937057e-10
5.931396725911231e-10
1.966045447130235e-10
5.826243516627077e-10
1.195265971962035e-10
5.746270708287458e-10
5.653044535803616e-11
5.69967343488251e-10
9.564807487734839e-26
5.685073485173544e-10
-5.6530445358035844e-11
5.699673434882512e-10
-1.195265971962032e-10
5.746270708287458e-10
-1.9660454471302318e-10
5.826243516627076e-10
-2.9676731222937015e-10
5.931396725911234e-10
-4.2896212777372027e-10
6.030291495972492e-10
4.6364420965401475e-10
7.514001350105144e-10
3.3252026376553126e-10
7.442300572000524e-10
2.2700540789660373e-10
7.353971315317786e-10
1.4081681551212669e-10
7.277967823788502e-10
6.731004646814276e-11
7.229428023241827e-10
1.344574397508082e-25
7.212944960796829e-10
-6.731004646814249e-11
7.229428023241826e-10
-1.4081681551212643e-10
7.277967823788503e-10
-2.2700540789660331e-10
7.353971315317786e-10
-3.3252026376553085e-10
7.442300572000529e-10
-4.6364420965401413e-10
7.514001350105144e-10
4.840958020135653e-10
8.936919232053526e-10
3.566049277635175e-10
8.887959383138049e-10
2.489347620695212e-10
8.816567114935178e-10
1.5689800462464876e-10
8.75106589633253e-10
7.568629507175125e-11
8.707204833793715e-10
1.92661519591146e-25
8.691998762886094e-10
-7.568629507175096e-11
8.70720483379371e-10
-1.5689800462464847e-10
8.751065896332529e-10
-2.489347620695208e-10
8.816567114935178e-10
-3.566049277635169e-10
8.887959383138049e-10
-4.840958020135645e-10
8.936919232053526e-10
4.938306006161263e-10
1.0280080640041674e-09
3.7159912092887e-10
1.024834551715485e-09
2.6368584447047774e-10
1.0192448012927648e-09
1.6809063408135068e-10
1.0138962349714508e-09
8.162084523204336e-11
1.0102347209055714e-09
2.0000670547102038e-25
1.0089466890270851e-09
-8.162084523204301e-11
1.0102347209055718e-09
-1.6809063408135053e-10
1.0138962349714508e-09
-2.636858444704772e-10
1.0192448012927648e-09
-3.7159912092886933e-10
1.024834551715485e-09
-4.938306006161253e-10
1.0280080640041676e-09
4.964913630139068e-10
1.1531726164058144e-09
3.799173533591162e-10
1.1511254892374076e-09
2.7259051527669135e-10
1.1466949211564637e-09
1.7500967949640952e-10
1.142242697223766e-09
8.532323630219254e-11
1.1390817565933112e-09
1.4218549122095614e-25
1.1379474575773336e-09
-8.532323630219216e-11
1.1390817565933112e-09
-1.7500967949640908e-10
1.1422426972237664e-09
-2.7259051527669094e-10
1.1466949211564637e-09
-3.7991735335911564e-10
1.1511254892374076e-09
-4.96491363013906e-10
1.1531726164058144e-09
4.960435156177383e-10
1.2696818892359004e-09
3.83760433367586e-10
1.267932152160334e-09
2.7707506582847626e-10
1.2635666603621554e-09
1.7858168405637252e-10
1.2586621445874886e-09
8.725732493978106e-11
1.2549195462060235e-09
9.74980534983639e-26
1.2535290737014005e-09
-8.72573249397807e-11
1.2549195462060237e-09
-1.7858168405637203e-10
1.2586621445874888e-09
-2.7707506582847575e-10
1.2635666603621552e-09
-3.837604333675853e-10
1.267932152160334e-09
-4.960435156177376e-10
1.2696818892359006e-09
4.957410292070777e-10
1.381266436406435e-09
3.853456622892665e-10
1.3783036853356559e-09
2.7932379676870677e-10
1.370602351331598e-09
1.8053539886973717e-10
1.3614224415258798e-09
8.837331661742607e-11
1.3543356809760426e-09
8.84316955220608e-26
1.3517039412285437e-09
-8.837331661742582e-11
1.3543356809760426e-09
-1.8053539886973673e-10
1.3614224415258798e-09
-2.793237967687062e-10
1.370602351331598e-09
-3.853456622892657e-10
1.3783036853356555e-09
-4.957410292070772e-10
1.381266436406435e-09
