2.899515127612415e-10
2.875572984837354e-10
9.727588053012401e-11
2.572559506452669e-10
2.901045969443559e-11
2.582259439459375e-10
-2.901046039446952e-11
2.582259277708623e-10
-9.727588294050085e-11
2.572559626068903e-10
-2.899515120639684e-10
2.875572942769714e-10
4.227549688599585e-10
5.870439277737962e-10
1.911806796420017e-10
5.685659957018345e-10
5.330751112947413e-11
5.535249414230126e-10
-5.330750872242838e-11
5.535249140474803e-10
-1.911806787823866e-10
5.685660154141064e-10
-4.227549680021132e-10
5.870439208318094e-10
4.804472034390877e-10
8.748831923201603e-10
2.470744767184159e-10
8.634269728773927e-10
7.502314078520097e-11
8.520589264636356e-10
-7.502314325942714e-11
8.520588974458307e-10
-2.470744780152532e-10
8.634269938200026e-10
-4.80447204106867e-10
8.748831849851873e-10
4.964333521453889e-10
1.131619489329874e-09
2.734464706664423e-10
1.126727550916205e-09
8.566212402266076e-11
1.120258452535737e-09
-8.566212275521041e-11
1.120258431972368e-09
-2.734464680811001e-10
1.126727566056229e-09
-4.964333526332344e-10
1.13161948405602e-09
4.981497197319883e-10
1.359679175035557e-09
2.817886122484848e-10
1.350710647650713e-09
8.941798122947309e-11
1.336679568366109e-09
-8.941798213195061e-11
1.336679563058241e-09
-2.817886120269533e-10
1.350710651523878e-09
-4.981497205893618e-10
1.359679173149844e-09

