2.899436719011447e-10
2.875515788312278e-10
9.727269199448469e-11
2.5725114906206334e-10
2.9009485704524202e-11
2.5822135895399137e-10
-2.9009492693135713e-11
2.5822119747422937e-10
-9.72727160578681e-11
2.572512684778917e-10
-2.899436649401034e-10
2.8755153683406127e-10
4.227421507727971e-10
5.870310073700455e-10
1.9117444870870674e-10
5.685536562027705e-10
5.330569017572499e-11
5.535132273657921e-10
-5.330566614559624e-11
5.535129540690988e-10
-1.9117444012695325e-10
5.685538529952278e-10
-4.2274214220870665e-10
5.870309380664735e-10
4.804312379715714e-10
8.748618987512438e-10
2.470661383669746e-10
8.634060932663752e-10
7.502058094276752e-11
8.520385639775782e-10
-7.502060564357588e-11
8.520382742856569e-10
-2.4706615131362337e-10
8.634063023415921e-10
-4.804312446381694e-10
8.748618255243954e-10
4.964156284217771e-10
1.1315895395639964e-09
2.734370231019958e-10
1.1266977992641846e-09
8.565921725568892e-11
1.120229086143641e-09
-8.565920460241924e-11
1.1202288808544697e-09
-2.734369972918916e-10
1.126697950410755e-09
-4.96415633292067e-10
1.1315894869138088e-09
4.981311447353921e-10
1.3596399087806906e-09
2.817787379345997e-10
1.3506723547205227e-09
8.941489275751096e-11
1.3366422188192574e-09
-8.941490176717066e-11
1.3366421658295001e-09
-2.8177873572301617e-10
1.3506723933873074e-09
-4.981311532947774e-10
1.3596398899551645e-09
