2.8995151276124146e-10
2.8755729848373545e-10
9.727588053012401e-11
2.5725595064526695e-10
2.901045969443559e-11
2.582259439459375e-10
-2.9010460394469515e-11
2.582259277708623e-10
-9.727588294050085e-11
2.572559626068903e-10
-2.8995151206396837e-10
2.875572942769714e-10
4.227549688599585e-10
5.870439277737962e-10
1.911806796420017e-10
5.685659957018345e-10
5.330751112947413e-11
5.535249414230126e-10
-5.330750872242838e-11
5.535249140474803e-10
-1.9118067878238663e-10
5.685660154141064e-10
-4.227549680021132e-10
5.870439208318094e-10
4.804472034390877e-10
8.748831923201603e-10
2.4707447671841585e-10
8.634269728773927e-10
7.502314078520097e-11
8.520589264636356e-10
-7.502314325942714e-11
8.520588974458307e-10
-2.4707447801525323e-10
8.634269938200026e-10
-4.80447204106867e-10
8.748831849851873e-10
4.964333521453889e-10
1.1316194893298742e-09
2.734464706664423e-10
1.1267275509162048e-09
8.566212402266076e-11
1.120258452535737e-09
-8.566212275521041e-11
1.1202584319723682e-09
-2.734464680811001e-10
1.1267275660562289e-09
-4.964333526332344e-10
1.1316194840560198e-09
4.981497197319883e-10
1.3596791750355571e-09
2.817886122484848e-10
1.3507106476507125e-09
8.941798122947309e-11
1.3366795683661085e-09
-8.941798213195061e-11
1.336679563058241e-09
-2.8178861202695333e-10
1.3507106515238782e-09
-4.981497205893618e-10
1.3596791731498442e-09
