0.000000000000000e+00
4.000000000000000e-01
0.000000000000000e+00
8.000000000000000e-01
0.000000000000000e+00
8.000000000000000e-01
0.000000000000000e+00
8.000000000000000e-01
0.000000000000000e+00
8.000000000000000e-01
0.000000000000000e+00
4.000000000000000e-01
0.000000000000000e+00
3.999999999999999e-01
0.000000000000000e+00
7.999999999999998e-01
0.000000000000000e+00
7.999999999999998e-01
0.000000000000000e+00
7.999999999999998e-01
0.000000000000000e+00
7.999999999999998e-01
0.000000000000000e+00
4.000000000000000e-01
0.000000000000000e+00
3.999999999999999e-01
0.000000000000000e+00
7.999999999999998e-01
0.000000000000000e+00
7.999999999999998e-01
0.000000000000000e+00
7.999999999999998e-01
0.000000000000000e+00
7.999999999999998e-01
0.000000000000000e+00
3.999999999999999e-01
0.000000000000000e+00
4.000000000000000e-01
0.000000000000000e+00
8.000000000000000e-01
0.000000000000000e+00
8.000000000000000e-01
0.000000000000000e+00
8.000000000000000e-01
0.000000000000000e+00
8.000000000000000e-01
0.000000000000000e+00
4.000000000000001e-01
0.000000000000000e+00
2.000000000000000e-01
0.000000000000000e+00
4.000000000000001e-01
0.000000000000000e+00
4.000000000000001e-01
0.000000000000000e+00
4.000000000000000e-01
0.000000000000000e+00
4.000000000000001e-01
0.000000000000000e+00
2.000000000000001e-01
